003767276
004879067
011103454
011458203
012088510
012089222
012421425
012431795
012431796
012431849
012431885
012431913
012431951
012431988
012432107
012432116
012432124
012432278
012432312
012432397
012432402
012432405
012432417
012432456
012432490
012432538
012432574
012432576
012432595
012432596
012432606
012432693
012432714
012432723
012432768
012432773
012432829
012432842
012432861
012432888
012432975
012433035
012433072
012433092
012433160
012433194
012433197
012433387
012433422
012433433
012433466
012433473
012433514
012433517
012433538
012433552
012433561
012433575
012433580
012433595
012433619
012433628
012433668
012433704
012433709
012433723
012433735
012433751
012433773
012433780
012433874
012433886
012433897
012433901
012433907
012433919
012433958
012433960
012433977
012433978
012433994
012434036
012434055
012434082
012434101
012434129
012434135
012434198
012434209
012434233
012434309
012434385
012434388
012434423
012434425
012434449
012434461
012434501
012434518
012434705
012434717
012434747
012434757
012434771
012434800
012434835
012434845
012434871
012434932
012434991
012434997
012435016
012435030
012435034
012435068
012435098
012435120
012435125
012435158
012435170
012435191
012435237
012435266
012906894
012908244
012947169
013025326
013084290
013084747
013085127
013087225
013087289
013087341
013087408
013087419
013087434
013088063
013088248
013088644
013088709
013089259
013089323
013089324
013089329
013089363
013089478
013089493
013089497
013089500
013089504
013089508
013089518
013089535
013089536
013089572
013089614
013089624
013089625
013089634
013089642
013089657
013089666
013089672
013089688
013089703
013089706
013089730
013089731
013089735
013089736
013089756
013089761
013089954
013090328
013090402
013090467
013090644
013091717
013091737
013091888
013093652
013093778
013093829
013093894
013093988
013093997
013094152
013095216
013095262
013095904
013095963
013097542
013100844
013103206
013103294
013103523
013103540
013103545
013103548
013103842
013103897
013110455
013111510
013111706
013159166
013207115
013308038
013352698
013373393
013398751
013426938
013429241
013430237
013433166
013434829
013478012
013502368
013553616
013554345
013609227
013638647
013685884
013691414
013696601
013698069
013701472
013710766
013717630
013731656
013737270
013737355
013737676
013741719
013742365
013743812
013752703
013759697
013759921
013764545
013770944
013779989
013812184
013812240
013812725
013819334
013819914
013821435
014050846
014053689
014053742
014056261
014501017
014536315
014577099
014617810
014618889
014625575
014687651
014876665
014888544
014918907
014940672
015288644
015477403
015761503
015788477
015789135
015789261
015789353
015792101
015792254
015792302
015798315
015798394
015803144
016071361
016071424
016093257
016108489
016119913
016121480
016123324
016129045
016132162
016157381
016251002
016260554
016264066
016276536
016323098
016323856
016323917
016324339
016326571
016326640
016332933
016335890
016335950
016415859
016434515
016561442
016566388
016566392
016566396
016566447
016567212
016567217
016567221
016567223
016567226
016586902
016599437
016620382
016623014
016623038
016623567
016627488
017762678
017841756
017855512
017855516
017855518
017855519
017855522
017855528
017855532
017855538
017855540
017855543
017855548
017943661
017943673
017945046
017945121
017945181
017945237
017945336
017945351
017945389
017945425
017952792
017952804
017952814
017952830
017952848
017952881
017952893
017952901
017952931
017952948
017952963
017958750
017958871
017958922
017958939
017958947
017959004
017959021
017959036
018020761
018020822
018212706
018260834
018260864
018260888
018260910
018260954
018260978
018261038
018261057
018261068
018261074
018261078
018261082
018266883
018266932
018266965
018266992
018267064
018268260
018268307
018268421
018268437
018268577
018273317
018273331
018273344
018273396
018274991
018275034
018275147
018275149
018275516
018298151
018298218
018299103
018342380
018342833
018342834
018342835
018342836
018342837
018342838
018342839
018342840
018342841
018342842
018342843
018342844
018342845
018342846
018342847
018342848
018342849
018342850
018342851
018342852
018342853
018342854
018342855
018342856
018342857
018342858
018342859
018342860
018342861
018342862
018342863
018342864
018342865
018342866
018342867
018342868
018342869
018342870
018342871
018342872
018342873
018342874
018342875
018342876
018342877
018342878
018342879
018342880
018342881
018342882
018342883
018342884
018342885
018342886
018342887
018342888
018342889
018342890
018342891
018342892
018342893
018342894
018342895
018342896
018342897
018342898
018342899
018342900
018342901
018342902
018342903
018342904
018342905
018342906
018342907
018342908
018342909
018342910
018342911
018342912
018342913
018342914
018342915
018342916
018342917
018342918
018342919
018342920
018342921
018342922
018342923
018342924
018342925
018342926
018342927
018342928
018342929
018342930
018342931
018342932
018342933
018342934
018342935
018342936
018342937
018342938
018342939
018342940
018342941
018342942
018342943
018342944
018342945
018342946
018342947
018342948
018342949
018342950
018342951
018342952
018342953
018342954
018342955
018342956
018342957
018342958
018342959
018342960
018342961
018342962
018342963
018342964
018342965
018342966
018342967
018342968
018342969
018342970
018342971
018342972
018342973
018342974
018342975
018342976
018342977
018342978
018342979
018342980
018342981
018342982
018342983
018342984
018342985
018342986
018342987
018342988
018342989
018342990
018342991
018342992
018342993
018342994
018342995
018342996
018342997
018342998
018342999
018343000
018343001
018394445
018715829
018715949
018715967
018865525
018865526
019485998
019675723