003975767
005115349
008641995
010545920
016524391
016524463
016544960
016557846
016568689
016570496
016570826
016577056
016600629
016681799
016690394
016692798
016703201
016809796
016920850
016920955
016920984
016920994
016921014
016922369
016923214
016923266
016923307
016924025
018125488
018125571
018125773
018125814
018125859
018125865
018125904
018125912
018125920
018125924
018126760
018126768
018126776
018126828
018126843
018126852
018126868
018126871
018126876
018126881
018126884
018126891
018126894
018126898
018126900
018126904
018126907
018126912
018126914
018126918
018126921
018126928
018126932
018126934
018126939
018126993
018126994
018126995
018126999
018127000
018127004
018127024
018127118
018127194
018138139
018157926
018157931
018161081
018161086
018161240
018161241
018161242
018161243
018161244
018161245
018161246
018161247
018161248
018161249
018161250
018161251
018161252
018161253
018161254
018161255
018161256
018161257
018161258
018161259
018161260
018161261
018161262
018161263
018161264
018161265
018161266
018161267
018161268
018161269
018161270
018161271
018161272
018161273
018161274
018161275
018161276
018161277
018161278
018161279
018161280
018161281
018161282
018161283
018161284
018161285
018161286
018161287
018161288
018161289
018161290
018161291
018161292
018161293
018161294
018161295
018161296
018161297
018161298
018161299
018161300
018161301
018161302
018161303
018161304
018161305
018161306
018161307
018161308
018161309
018161310
018161311
018161312
018161313
018161314
018161315
018161316
018161317
018161318
018161319
018161320
018161321
018161322
018161323
018161324
018161325
018161326
018161327
018161328
018161329
018161330
018161331
018161332
018161333
018161334
018161335
018161336
018161337
018161338
018161339
018161340
018161341
018161342
018161343
018161344
018161345
018161346
018161347
018161348
018161349
018161350
018161351
018161352
018161353
018161354
018161355
018161356
018161357
018161358
018161359
018161360
018161361
018161362
018161363
018161364
018161365
018161366
018161367
018161368
018161369
018161370
018161371
018161372
018161373
018161374
018161375
018161376
018161377
018161378
018161379
018161380
018161381
018161382
018161383
018161384
018161385
018161386
018161387
018161388
018161389
018161390
018161391
018161392
018161393
018161394
018161395
018161396
018161397
018161398
018161399
018161400
018161401
018161402
018161403
018161404
018161405
018161406
018161407
018161408
018294054
018296703
018296738
018296764
018296778
018296811
018296854
018296871
018296875
018296909
018296916
018296918
018305946
018305948
018305952
018306270
018306292
018306313
018306347
018306389
018306428
018306457
018306540
018306600
018306610
018306639
018306688
018306707
018306734
018340355
018441311
018441463
018441491
018558727
018558728
019291999
019292001
019292005
019292018
019292019
019292033
019292040
019292042
019292045
019292049
019292059
019292060
019292062
019292078
019292081
019292090
019292092
019292093
019292095
019292097
019292100
019292102
019292104
019292105
019292107
019292108
019292109
019292114
019292115
019292116
019292119
019292120
019292125
019292128
019292131
019292134
019292140
019292144
019292147
019292151
019292155
019292157
019292159
019292164
019292165
019292166
019292170
019292171
019292173
019292174
019292177
019292179
019292180
019292181
019292182
019292184
019292186
019292187
019292189
019292196
019292197
019292199
019292201
019292203
019292206
019292207
019292221
019292224
019292225
019292226
019292227
019292232
019292236
019292237
019292240
019292241
019292244
019292249
019292253
019292256
019292258
019292263
019292265
019292273
019292275
019292277
019292285
019292292
019292293
019292295
019292296
019292301
019292302
019292305
019292307
019292314
019292316
019292320
019292324
019292328
019292330
019292331
019292333
019292335
019292340
019292344
019292345
019292346
019292348
019292349
019292352
019292354
019292357
019292359
019292362
019292364
019292366
019292371
019292375
019292381
019292383
019292390
019292392
019292394
019292396
019292399
019292400
019292402
019292405
019292406
019292407
019292408
019292417
019292420
019292422
019292423
019292431
019292434
019292435
019292436
019292440
019292447
019292449
019292451
019292452
019292453
019292455
019292459
019292461
019292462
019292467
019292483
019292488
019292489
019292493
019292496
019292504
019292509
019292511
019292516
019292523
019292525
019292533
019292534
019292536
019292537
019292550
019292551
019292556
019292558
019292559
019292560
019292564
019292575
019292576
019292581
019292582
019292585
019292586
019292588
019292590
019292591
019292593
019292596
019292597
019292602
019292603
019292621
019292628
019292639
019292643
019292651
019292653
019292654
019292655
019292665
019292666
019292678
019292680
019292682
019292685
019292689
019292695
019292696
019292700
019292708
019292713
019292715
019292716
019292718
019292725
019292738
019292744
019292748
019292750
019292760
019292766
019292775
019292777
019292781
019292785
019292787
019292795
019292803
019292811
019292813
019292815
019292818
019292824
019292827
019292832
019292841
019292843
019292846
019292852
019292858
019292859
019292864
019292865
019292866
019292869
019292870
019292873
019292878
019292879
019292880
019292882
019292891
019292902
019292908
019292918
019292919
019292923
019292936
019292946
019292947
019292953
019292958
019292969
019292974
019292983
019292986
019292993
019292996
019293000
019293012
019293017
019293018
019293031
019293033
019293046
019293063
019293065
019293069
019293070
019293071
019293072
019293073
019293077
019293079
019293081
019293096
019293102
019293103
019293108
019293109
019293110
019293115
019293124
019293141
019293144
019293150
019297000