017586905
018980727
017650160
017650175
017713086
017714042
016881074
017188598
017706528
017433935
017439509
017650141
021056974
016217979
016480415
016480443
016480508
016480510
016480511
016480512
016480513
016480543
016834953
016834954
016834957
016834959
016834960
015876604
015876611
015876612
015876615
015876630
015876672
015876673
015876701
015876795
015876796
015876809
015876811
015876842
015876861
015876867
015876877
015876888
015876895
016217943
016217971
016217978
015518763
016217938
015876657
016480437
016480489
016480504
016480535
016480400
016480393
016480405
016480411
016480436
016480447
016480462
016480470
016480471
016480479
016480485
016480491
016480498
016480539
016834931
016834927
016834928
016834932
016834933
016684388
016300703
016278713
016480500
016480540
020296063
013739054
014340073
018260978
018273396
019865001
018225307
018225308
018225309
018225310
018225311
018225312
018225313
018225314
018225315
018225316
018225317
018225318
018225319
018225320
018225321
018225322
018225323
018225324
018225325
018225326
018225327
018225328
018225329
018225330
018225331
018225332
018225333
018225334
018225335
018225336
018225337
018225338
018225339
018225340
018225341
018225342
018225343
018225344
018225345
018225346
018225347
018225348
018225349
018225350
018225351
018225352
018225353
018225354
018225355
018225356
018225357
018225358
018225359
018225360
018225361
018225362
018225363
018225364
018225365
018225366
018225367
018225368
018225369
018225370
018225371
018225372
018225373
018225374
018225375
018225376
018225377
018225378
018225379
018225380
018225381
018225382
018225383
018225384
018225385
018225386
018225387
018225388
018225389
018225390
018225391
018225392
018225393
018225394
018225395
018225396
018225397
018225398
018225399
018225400
018225401
018225402
018225403
018225404
018225405
018225406
018225407
018225408
018225409
018225410
018225411
018225412
018225413
018225414
018225415
018225416
018225417
018225418
018225419
018225420
018225421
018225422
018225423
018225424
018225425
018225426
018225427
018225428
018225429
018225430
018225431
018225432
018225433
018225434
018225435
018225436
018225437
018225438
018225439
018225440
018225441
018225442
018225443
018225444
018225445
018225446
018225447
018225448
018225449
018225450
018225451
018225452
018225453
018225454
018225455
018225456
018225457
018225458
018225459
018225460
018225461
018225462
018225463
018225464
018225465
018225466
018225467
018225468
018225469
018225470
018225471
018225472
018225473
018225474
018225475
018225476
018225477
018225478
018225479
018225480
018225481
018225482
018225483
018225484
018225485
018225486
018225487
018225488
018225489
018225490
018225491
018225492
018225493
018225494
018225495
018225496
018225497
018225498
018225499
018225500
018225501
018225502
018225503
018225504
018225505
018225506
018225507
018225508
018225509
018225510
018225511
018225512
018225513
018225514
018225515
018225516
018225517
018225518
018225519
018225520
018225521
018225522
018225523
018225524
018225525
018225526
018225527
018225528
018225529
018225530
018225531
018225532
018225533
018225534
018225535
018225536
018225537
018225538
018225539
018225540
018225541
018225542
018225543
018225544
018225545
018225546
018225547
018225548
018225549
018225550
018225551
018225552
018225553
018225554
018225555
018225556
018225557
018225558
018225559
018225560
018225561
018225562
018225563
018225564
018225565
018225566
018225567
018225568
018225569
018225570
018225571
018225572
018225573
018225574
018225575
018225576
018225577
018225578
018225579
018225580
018225581
018225582
018225583
018225584
018225585
018225586
018225587
018225588
018225589
018225590
018225591
018225592
018225593
018225594
018225595
018225596
018225597
018225598
018225599
018225600
018225601
018225602
018225603
018225604
018225605
018225606
018225607
018225608
018225609
018225610
018225611
018225612
018225613
018225614
018225615
018225616
018225617
018225618
018225619
018225620
018225621
018225622
018225623
018225624
018225625
018225626
018225627
018225628
018225629
018225630
018225631
018225632
018225633
018225634
018225635
018225636
018225637
018225638
018225639
018225640
018225641
018225642
018225643
018225644
018225645
018225646
018225647
018225648
018225649
018225650
018225651
018225652
018225653
018225654
018225655
018225656
018225657
018225658
018225659
018225660
018225661
018225662
018225663
018225664
018225665
018225666
018225667
018225668
018225669
018225670
018225671
018225672
018225673
018225674
018225675
018225676
018225677
018225678
018225679
018225680
018225681
018225682
018225683
018225684
018225685
018225686
018225687
018225688
018225689
018225690
018225691
018225692
018225693
018225694
018225695
018225696
018225697
018225698
018225699
018225700
018225701
018225702
018225703
018225704
018225705
018225706
018225707
018225708
018225709
018225710
018225711
018225712
018225713
018225714
018225715
018225716
018225717
018225718
018225719
018225720
018225721
018225722
018225723
018225724
018225725
018225726
018225727
018225728
018225729
018225730
018225731
018225732
018225733
018225734
018225735
018225736
018225737
018225738
018225739
018225740
018225741
018225742
018225743
018225744
018225745
018225746
018225747
018225748
018225749
018225750
018225751
018225752
018225753
018225754
018225755
018225756
018225757
018225758
018225759
018225760
018225761
018225762
018225763
018225764
018225765
018225766
018225767
018225768
018225769
018225770
018225771
018225772
018225773
018225774
018225775
018225776
018225777
018225778
018225779
018225780
018225781
018225782
018225783
018225784
018225785
018225786
018225787
018225788
018225789
018225790
018225791
018225792
018225793
018225794
018225795
018225796
018225797
018225798
018225799
018225800
018225801
018225802
018225803
018225804
018225805
018225806
018225807
018225808
018225809
018225810
018225811
018225812
018225813
018225814
018225815
018225816
018225817
018225818
018225819
018225820
018225821
018225822
018225823
018225824
018225825
018225826
018225827
018225828
018225829
018225830
018225831
018225832
018225833
018225834
018225835
018225836
018225837
018225838
018225839
018225840
018225841
018225842
018225843
018225844
018225845
018225846
018225847
018225848
018225849
018225850
018225851
018225852
018225853
018225854
018225855
018225856
018225857
018225858
018225859
018225860
018225861
018225862
018225863
018225864
018225865
018225866
018225867
018225868
018225869
018225870
018225871
018225872
018225873
018225874
018225875
018225876
018225877
018225878
018225879
018225880
018225881
018225882
018225883
018225884
018225885
018225886
018225887
018225888
018225889
018225890
018225891
018225892
018225893
018225894
018225895
018225896
018225897
018225898
018225899
018225900
018225901
018225902
018225903
018225904
018225905
018225906
018225907
018225908
018225909
018225910
018225911
018225912
018225913
018225914
018225915
018225916
018225917
018225918
018225919
018225920
018225921
018225922
018225923
018225924
018225925
018225926
018225927
018225928
018225929
018225930
018225931
018225932
018225933
018225934
018225935
018225936
018225937
018225938
018225939
018225940
018225941
018225942
018225943
018225944
018225945
018225946
018225947
018225948
018225949
018225950
018225951
018225952
018225953
018225954
018225955
018225956
018225957
018225958
018225959
018225960
018225961
018225962
018225963
018225964
018225965
018225966
018225967
018225968
018225969
018225970
018225971
018225972
018225973
018225974
018225975
018225976
018225977
018225978
018225979
018225980
018225981
018225982
018225983
018225984
018225985
018225986
018225987
018225988
018225989
018225990
018225991
018225992
018225993
018225994
018225995
018225996
018225997
018225998
018225999
018226000
018226001
018226002
018226003
018226004
018226005
018226006
018226007
018226008
018226009
018226010
018226011
018226012
018226013
018226014
018226015
018226016
018226017
018226018
018226019
018226020
018226021
018226022
018226023
018226024
018226025
018226026
018226027
018226028
018226029
018226030
018226031
018226032
018226033
018226034
018226035
018226036
018226037
018226038
018226039
018226040
018226041
018226042
018226043
018226044
018226045
018226046
018226047
018226048
018226049
018226050
018226051
018226052
018226053
018226054
018226055
018226056
018226057
018226058
018226059
018226060
018226061
018226062
018226063
018226064
018226065
018226066
018226067
018226068
018226069
018226070
018226071
018226072
018226073
018226074
018226075
018226076
018226077
018226078
018226079
018226080
018226081
018226082
018226083
018226084
018226085
018226086
018226087
018226088
018226089
018226090
018226091
018226092
018226093
018226094
018226095
018226096
018226097
018226098
018226099
018226100
018226101
018226102
018226103
018226104
018226105
018226106
018226107
018226108
018226109
018226110
018226111
018226112
018226113
018226114
018226115
018226116
018226117
018226118
018226119
018226120
018226121
018226122
018226123
018226124
018226125
018226126
018226127
018226128
018226129
018226130
018226131
018226132
018226133
018226134
018226135
018226136
018226137
018226138
018226139
018226140
018226141
018226142
018226143
018226144
018226145
018226146
018226147
018226148
018226149
018226150
018226151
018226152
018226153
018226154
018226155
018226156
018226157
018226158
018226159
018226160
018226161
018226162
018226163
018226164
018226165
018226166
018226167
018226168
018226169
018226170
018226171
018226172
018226173
018226174
018226175
018226176
018226177
018226178
018226179
018226180
018226181
018226182
018226183
018226184
018226185
018226186
018226187
018226188
018226189
018226190
018226191
018226192
018226193
018226194
018226195
018226196
018226197
018226198
018226199
018226200
018226201
018226202
018226203
018226204
018226205
018226206
018226207
018226208
018226209
018226210
018226211
018226212
018226213
018226214
018226215
018226216
018226217
018226218
018226219
018226220
018226221
018226222
018226223
018226224
018226225
018226226
018226227
018226228
018226229
018226230
018226231
018226232
018226233
018226234
018226235
018226236
018226237
018226238
018226239
018226240
018226241
018226242
018226243
018226244
018226245
018226246
018226247
018226248
018226249
018226250
018226251
018226252
018226253
018226254
018226255
018226256
018226257
018226258
018226259
018226260
018226261
018226262
018226263
018226264
018226265
018226266
018226267
018226268
018226269
018226270
018226271
018226272
018226273
018226274
018226275
018226276
018226277
018226278
018226279
018226280
018226281
018226282
018226283
018226284
018226285
018226286
018226287
018226288
018226289
018226290
018226291
018226292
018226293
018226294
018226295
018226296
018226297
018226298
018226299
018226300
018226301
018226302
018226303
018226304
018226305
018226306
018226307
018226308
018226309
018226310
018226311
018226312
018226313
018226314
018226315
018226316
018226317
018226318
018226319
018226320
018226321
018226322
018226323
018226324
018226325
018226326
018226327
018226328
018226329
018226330
018226331
018226332
018226333
018226334
018226335
018226336
018226337
018226338
018226339
018226340
018226341
018226342
018226343
018226344
018226345
018226346
018226347
018226348
018226349
018226350
018226351
018226352
018226353
018226354
018226355
018226356
018226357
018226358
018226359
018226360
018226361
018226362
018226363
018226364
018226365
018226366
018226367
018226368
018226369
018226370
018226371
018226372
018226373
018226374
018226375
018226376
018226377
018226378
018226379
018226380
018226381
018226382
018226383
018226384
018226385
018226386
018226387
018226388
018226389
018226390
018226391
018226392
018226393
018226394
018226395
018226396
018226397
018226398
018226399
018226400
018226401
018226402
018226403
018226404
018226405
018226406
018226407
018226408
018226409
018226410
018226411
018226412
018226413
018226414
018226415
018226416
018226417
018226418
018226419
018226420
018226421
018226422
018226423
018226424
018226425
018226426
018226427
018226428
018226429
018226430
018226431
018226432
018226433
018226434
018226435
018226436
018226437
018226438
018226439
018226440
018226441
018226442
018226443
018226444
018226445
018226446
018226447
018226448
018226449
018226450
018226451
018226452
018226453
018226454
018226455
018226456
018226457
018226458
018226459
018226460
018226461
018226462
018226463
018226464
018226465
018226466
018226467
018226468
018226469
018226470
018226471
018226472
018226473
018226474
018226475
018226476
018226477
018226478
018226479
018226480
018226481
018226482
018226483
018226484
018226485
018226486
018226487
018226488
018226489
018226490
018226491
018226492
018226493
018226494
018226495
018226496
018226497
018226498
018226499
018226500
018226501
018226502
018226503
018226504
018226505
018226506
018226507
018226508
018226509
018226510
018226511
018226512
018226513
018226514
018226515
018226516
018226517
018226518
018226519
018226520
018226521
018226522
018226523
018226524
018226525
018226526
018226527
018226528
018226529
018226530
018226531
018226532
018226533
018226534
018226535
018226536
018226537
018226538
018226539
018226540
018226541
018226542
018226543
018226544
018226545
018226546
018226547
018226548
018226549
018226550
018226551
018226552
018226553
018226554
018226555
018226556
018226557
018226558
018226559
018226560
018226561
018226562
018226563
018226564
018226565
018226566
018226567
018226568
018226569
018226570
018226571
018226572
018226573
018226574
018226575
018226576
018226577
018226578
018226579
018226580
018226581
018226582
018226583
018226584
018226585
018226586
018226587
018226588
018226589
018226590
018226591
018226592
018226593
018226594
018226595
018226596
018226597
018226598
018226599
018226600
018226601
018226602
018226603
018226604
018226605
018226606
018226607
018226608
018226609
018226610
018226611
018226612
018226613
018226614
018226615
018226616
018226617
018226618
018226619
018226620
018226621
018226622
018226623
018226624
018226625
018226626
018226627
018226628
018226629
018226630
018226631
018226632
018226633
018226634
018226635
018226636
018226637
018226638
018226639
018226640
018226641
018226642
018226643
018226644
018226645
018226646
018226647
018226648
018226649
018226650
018226651
018226652
018226653
018226654
018226655
018226656
018226657
018226658
018226659
018226660
018226661
018226662
018226663
018226664
018226665
018226666
018226667
018226668
018226669
018226670
018226671
018226672
018226673
018226674
018226675
018226676
018226677
018226678
018226679
018226680
018226681
018226682
018226683
018226684
018226685
018226686
018226687
018226688
018226689
018226690
018226691
018226692
018226693
018226694
018226695
018226696
018226697
018226698
018226699
018226700
018226701
018226702
018226703
018226704
018226705
018226706
018226707
018226708
018226709
018226710
018226711
018226712
018226713
018226714
018226715
018226716
018226717
018226718
018226719
018226720
018226721
018226722
018226723
018226724
018226725
018226726
018226727
018226728
018226729
018226730
018226731
018226732
018226733
018226734
018226735
018226736
018226737
018226738
018226739
018226740
018226741
018226742
018226743
018226744
018226745
018226746
018226747
018226748
018226749
018226750
018226751
018226752
018226753
018226754
018226755
018226756
018226757
018226758
018226759
018226760
018226761
018226762
018226763
018226764
018226765
018226766
018226767
018226768
018226769
018226770
018226771
018226772
018226773
018226774
018226775
018226776
018226777
018226778
018226779
018226780
018226781
018226782
018226783
018226784
018226785
018226786
018226787
018226788
018226789
018226790
018226791
018226792
018226793
018226794
018226795
018226796
018226797
018226798
018226799
018226800
018226801
018226802
018226803
018226804
018226805
018226806
018226807
018226808
018226809
018226810
018226811
018226812
018226813
018226814
018226815
018226816
018226817
018226818
018226819
018226820
018226821
018226822
018226823
018226824
018226825
018226826
018226827
018226828
018226829
018226830
018226831
018226832
018226833
018226834
018226835
018226836
018226837
018226838
018226839
018226840
018226841
018226842
018226843
018226844
018226845
018226846
018226847
018226848
018226849
018226850
018226851
018226852
018226853
018226854
018226855
018226856
018226857
018226858
018226859
018226860
018226861
018226862
018226863
018226864
018226865
018226866
018226867
018226868
018226869
018226870
018226871
018226872
018226873
018226874
018226875
018226876
018226877
018226878
018226879
018226880
018226881
018226882
018226883
018226884
018226885
018226886
018226887
018226888
018226889
018226890
018226891
018226892
018226893
018226894
018226895
018226896
018226897
018226898
018226899
018226900
018226901
018226902
018226903
018226904
018226905
018226906
018226907
018226908
018226909
018226910
018226911
018226912
018226913
018226914
018226915
018226916
018226917
018226918
018226919
018226920
018226921
018226922
018226923
018226924
018226925
018226926
018226927
018226928
018226929
018226930
018226931
018226932
018226933
018226934
018226935
018226936
018226937
018226938
018226939
018226940
018226941
018226942
018226943
018226944
018226945
018226946
018226947
018226948
018226949
018226950
018226951
018226952
018226953
018226954
018226955
018226956
018226957
018226958
018226959
018226960
018226961
018226962
018226963
018226964
018226965
018226966
018226967
018226968
018226969
018226970
018226971
018226972
018226973
018226974
018226975
018226976
018226977
018226978
018226979
018226980
018226981
018226982
018226983
018226984
018226985
018226986
018226987
018226988
018226989
018226990
018226991
018226992
018226993
018226994
018226995
018226996
018226997
018226998
018226999
018227000
018227001
018227002
018227003
018227004
018227005
018227006
018227007
018227008
018227009
018227010
018227011
018227012
018227013
018227014
018227015
018227016
018227017
018227018
018227019
018227020
018227021
018227022
018227023
018227024
018227025
018227026
018227027
018227028
018227029
018227030
018227031
018227032
018227033
018227034
018227035
018227036
018227037
018227038
018227039
018227040
018227041
018227042
018227043
018227044
018227045
018227046
018227047
018227048
018227049
018227050
018227051
018227052
018227053
018227054
018227055
018227056
018227057
018227058
018227059
018227060
018227061
018227062
018227063
018227064
018227065
018227066
018227067
018227068
018227069
018227070
018227071
018227072
018227073
018227074
018227075
018227076
018227077
018227078
018227079
018227080
018227081
018227082
018227083
018227084
018227085
018227086
018227087
018227088
018227089
018227090
018227091
018227092
018227093
018227094
018227095
018227096
018227097
018227098
018227099
018227100
018227101
018227102
018227103
018227104
018227105
018227106
018227107
018227108
018227109
018227110
018227111
018227112
018227113
018227114
018227115
018227116
018227117
018227118
018227119
018227120
018227121
018227122
018227123
018227124
018227125
018227126
018227127
018227128
018227129
018227130
018227131
018227132
018227133
018227134
018227135
018227136
018227137
018227138
018227139
018227140
018227141
018227142
018227143
018227144
018227145
018227146
018227147
018227148
018227149
018227150
018227151
018227152
018227153
018227154
018227155
018227156
018227157
018227158
018227159
018227160
018227161
018227162
018227163
018227164
018227165
018227166
018227167
018227168
018227169
018227170
018227171
018227172
018227173
018227174
018227175
018227176
018227177
018227178
018227179
018227180
018227181
018227182
018227183
018227184
018227185
018227186
018227187
018227188
018227189
018227190
018227191
018227192
018227193
018227194
018227195
018227196
018227197
018227198
018227199
018227200
018227201
018227202
018227203
018227204
018227205
018227206
018227207
018227208
018227209
018227210
018227211
018227212
018227213
018227214
018227215
018227216
018227217
018227218
018227219
018227220
018227221
018227222
018227223
018227224
018227225
018227226
018227227
018227228
018227229
018227230
018227231
018227232
018227233
018227234
018227235
018227236
018227237
018227238
018227239
018227240
018227241
018227242
018227243
018227244
018227245
018227246
018227247
018227248
018227249
018227250
018227251
018227252
018227253
018227254
018227255
018227256
018227257
018227258
018227259
018227260
018227261
018227262
018227263
018227264
018227265
018227266
018227267
018227268
018227269
018227270
018227271
018227272
018227273
018227274
018227275
018227276
018227277
018227278
018227279
018227280
018227281
018227282
018227283
018227284
018227285
018227286
018227287
018227288
018227289
018227290
018227291
018227292
018227293
018227294
018227295
018227296
018227297
018227298
018227299
018227300
018227301
018227302
018227303
018227304
018227305
018227306
018227307
018227308
018227309
018227310
018227311
018227312
018227313
018227314
018227315
018227316
018227317
018227318
018227319
018227320
018227321
018227322
018227323
018227324
018227325
018227326
018227327
018227328
018227329
018227330
018227331
018227332
018227333
018227334
018227335
018227336
018227337
018227338
018227339
018227340
018227341
018227342
018227343
018227344
018227345
018227346
018227347
018227348
018227349
018227350
018227351
018227352
018227353
018227354
018227355
018227356
018227357
018227358
018227359
018227360
018227361
018227362
018227363
018227364
018227365
018227366
018227367
018227368
018227369
018227370
018227371
018227372
018227373
018227374
018227375
018227376
018227377
018227378
018227379
018227380
018227381
018227382
018227383
018227384
018227385
018227386
018227387
018227388
018227389
018227390
018227391
018227392
018227393
018227394
018227395
018227396
018227397
018227398
018227399
018227400
018227401
018227402
018227403
018227404
018227405
018227406
018227407
018227408
018227409
018227410
018227411
018227412
018227413
018227414
018227415
018227416
018227417
018227418
018227419
018227420
018227421
018227422
018227423
018227424
018227425
018227426
018227427
018227428
018227429
018227430
018227431
018227432
018227433
018227434
018227435
018227436
018227437
018227438
018227439
018227440
018227441
018227442
018227443
018227444
018227445
018227446
018227447
018227448
018227449
018227450
018227451
018227452
018227453
018227454
018227455
018227456
018227457
018227458
018227459
018227460
018227461
018227462
018227463
018227464
018227465
018227466
018227467
018227468
018227469
018227470
018227471
018227472
018227473
018227474
018227475
018227476
018227477
018227478
018227479
018227480
018227481
018227482
018227483
018227484
018227485
018227486
018227487
018227488
018227489
018227490
018227491
018227492
018227493
018227494
018227495
018227496
018227497
018227498
018227499
018227500
018227501
018227502
018227503
018227504
018227505
018227506
018227507
018227508
018227509
018227510
018227511
018227512
018227513
018227514
018227515
018227516
018227517
018227518
018227519
018227520
018227521
018227522
018227523
018227524
018227525
018227526
018227527
018227528
018227529
018227530
018227531
018227532
018227533
018227534
018227535
018227536
018227537
018227538
018227539
018227540
018227541
018227542
018227543
018227544
018227545
018227546
018227547
018227548
018227549
018227550
018227551
018227552
018227553
018227554
018227555
018227556
018227557
018227558
018227559
018227560
018227561
018227562
018227563
018227564
018227565
018227566
018227567
018227568
018227569
018227570
018227571
018227572
018227573
018227574
018227575
018227576
018227577
018227578
018227579
018227580
018227581
018227582
018227583
018227584
018227585
018227586
018227587
018227588
018227589
018227590
018227591
018227592
018227593
018227594
018227595
018227596
018227597
018227598
018227599
018227600
018227601
018227602
018227603
018227604
018227605
018227606
018227607
018227608
018227609
018227610
018227611
018227612
018227613
018227614
018227615
018227616
018227617
018227618
018227619
018227620
018227621
018227622
018227623
018227624
018227625
018227626
018227627
018227628
018227629
018227630
018227631
018227632
018227633
018227634
018227635
018227636
018227637
018227638
018227639
018227640
018227641
018227642
018227643
018227644
018227645
018227646
018227647
018227648
018227649
018227650
018227651
018227652
018227653
018227654
018227655
018227656
018227657
018227658
018227659
018227660
018227661
018227662
018227663
018227664
018227665
018227666
018227667
018227668
018227669
018227670
018227671
018227672
018227673
018227674
018227675
018227676
018227677
018227678
018227679
018227680
018227681
018227682
018227683
018227684
018227685
018227686
018227687
018227688
018227689
018227690
018227691
018227692
018227693
018227694
018227695
018227696
018227697
018227698
018227699
018227700
018227701
018227702
018227703
018227704
018227705
018227706
018227707
018227708
018227709
018227710
018227711
018227712
018227713
018227714
018227715
018227716
018227717
018227718
018227719
018227720
018227721
018227722
018227723
018227724
018227725
018227726
018227727
018227728
018227729
018227730
018227731
018227732
018227733
018227734
018227735
018227736
018227737
018227738
018227739
018227740
018227741
018227742
018227743
018227744
018227745
018227746
018227747
018227748
018227749
018227750
018227751
018227752
018227753
018227754
018227755
018227756
018227757
018227758
018227759
018227760
018227761
018227762
018227763
018227764
018227765
018227766
018227767
018227768
018227769
018227770
018227771
018227772
018227773
018227774
018227775
018227776
018227777
018227778
018227779
018227780
018227781
018227782
018227783
018227784
018227785
018227786
018227787
018227788
018227789
018227790
018227791
018227792
018227793
018227794
018227795
018227796
018227797
018227798
018227799
018227800
018227801
018227802
018227803
018227804
018227805
018227806
018227807
018227808
018227809
018227810
018227811
018227812
018227813
018227814
018227815
018227816
018227817
018227818
018227819
018227820
018227821
018227822
018227823
018227824
018227825
018227826
018227827
018227828
018227829
018227830
018227831
018227832
018227833
018227834
018227835
018227836
018227837
018227838
018227839
018227840
018227841
018227842
018227843
018227844
018227845
018227846
018227847
018227848
018227849
018227850
018227851
018227852
018227853
018227854
018227855
018227856
018227857
018227858
018227859
018227860
018227861
018227862
018227863
018227864
018227865
018227866
018227867
018227868
018227869
018227870
018227871
018227872
018227873
018227874
018227875
018227876
018227877
018227878
018227879
018227880
018227881
018227882
018227883
018227884
018227885
018227886
018227887
018227888
018227889
018227890
018227891
018227892
018227893
018227894
018227895
018227896
018227897
018227898
018227899
018227900
018227901
018227902
018227903
018227904
018227905
018227906
018227907
018227908
018227909
018227910
018227911
018227912
018227913
018227914
018227915
018227916
018227917
018227918
018227919
018227920
018227921
018227922
018227923
018227924
018227925
018227926
018227927
018227928
018227929
018227930
018227931
018227932
018227933
018227934
018227935
018227936
018227937
018227938
018227939
018227940
018227941
018227942
018227943
018227944
018227945
018227946
018227947
018227948
018227949
018227950
018227951
018227952
018227953
018227954
018227955
018227956
018227957
018227958
018227959
018227960
018227961
018227962
018227963
018227964
018227965
018227966
018227967
018227968
018227969
018227970
018227971
018227972
018227973
018227974
018227975
018227976
018227977
018227978
018227979
018227980
018227981
018227982
018227983
018227984
018227985
018227986
018227987
018227988
018227989
018227990
018227991
018227992
018227993
018227994
018227995
018227996
018227997
018227998
018227999
018228000
018228001
018228002
018228003
018228004
018228005
018228006
018228007
018228008
018228009
018228010
018228011
018228012
018228013
018228014
018228015
018228016
018228017
018228018
018228019
018228020
018228021
018228022
018228023
018228024
018228025
018228026
018228027
018228028
018228029
018228030
018228031
018228032
018228033
018228034
018228035
018228036
018228037
018228038
018228039
018228040
018228041
018228042
018228043
018228044
018228045
018228046
018228047
018228048
018228049
018228050
018228051
018228052
018228053
018228054
018228055
018228056
018228057
018228058
018228059
018228060
018228061
018228062
018228063
018228064
018228065
018228066
018228067
018228068
018228069
018228070
018228071
018228072
018228073
018228074
018228075
018228076
018228077
018228078
018228079
018228080
018228081
018228082
018228083
018228084
018228085
018228086
018228087
018228088
018228089
018228090
018228091
018228092
018228093
018228094
018228095
018228096
018228097
018228098
018228099
018228100
018228101
018228102
018228103
018228104
018228105
018228106
018228107
018228108
018228109
018228110
018228111
018228112
018228113
018228114
018228115
018228116
018228117
018228118
018228119
018228120
018228121
018228122
018228123
018228124
018228125
018228126
018228127
018228128
018228129
018228130
018228131
018228132
018228133
018228134
018228135
018228136
018228137
018228138
018228139
018228140
018228141
018228142
018228143
018228144
018228145
018228146
018228147
018228148
018228149
018228150
018228151
018228152
018228153
018228154
018228155
018228156
018228157
018228158
018228159
018228160
018228161
018228162
018228163
018228164
018228165
018228166
018228167
018228168
018228169
018228170
018228171
018228172
018228173
018228174
018228175
018228176
018228177
018228178
018228179
018228180
018228181
018228182
018228183
018228184
018228185
018228186
018228187
018228188
018228189
018228190
018228191
018228192
018228193
018228194
018228195
018228196
018228197
018228198
018228199
018228200
018228201
018228202
018228203
018228204
018228205
018228206
018228207
018228208
018228209
018228210
018228211
018228212
018228213
018228214
018228215
018228216
018228217
018228218
018228219
018228220
018228221
018228222
018228223
018228224
018228225
018228226
018228227
018228228
018228229
018228230
018228231
018228232
018228233
018228234
018228235
018228236
018228237
018228238
018228239
018228240
018228241
018228242
018228243
018228244
018228245
018228246
018228247
018228248
018228249
018228250
018228251
018228252
018228253
018228254
018228255
018228256
018228257
018228258
018228259
018228260
018228261
018228262
018228263
018228264
018228265
018228266
018228267
018228268
018228269
018228270
018228271
018228272
018228273
018228274
018228275
018228276
018228277
018228278
018228279
018228280
018228281
018228282
018228283
018228284
018228285
018228286
018228287
018228288
018228289
018228290
018228291
018228292
018228293
018228294
018228295
018228296
018228297
018228298
018228299
018228300
018228301
018228302
018228303
018228304
018228305
018228306
018228307
018228308
018228309
018228310
018228311
018228312
018228313
018228314
018228315
018228316
018228317
018228318
018228319
018228320
018228321
018228322
018228323
018228324
018228325
018228326
018228327
018228328
018228329
018228330
018228331
018228332
018228333
018228334
018228335
018228336
018228337
018228338
018228339
018228340
018228341
018228342
018228343
018228344
018228345
018228346
018228347
018228348
018228349
018228350
018228351
018228352
018228353
018228354
018228355
018228356
018228357
018228358
018228359
018228360
018228361
018228362
018228363
018228364
018228365
018228366
018228367
018228368
018228369
018228370
018228371
018228372
018228373
018228374
018228375
018228376
018228377
018228378
018228379
018228380
018228381
018228382
018228383
018228384
018228385
018228386
018228387
018228388
018228389
018228390
018228391
018228392
018228393
018228394
018228395
018228396
018228397
018228398
018228399
018228400
018228401
018228402
018228403
018228404
018228405
018228406
018228407
018228408
018228409
018228410
018228411
018228412
018228413
018228414
018228415
018228416
018228417
018228418
018228419
019609304
016366534
016366639
016366651
016366662
016366873
016366874
021045849
016368881
020068664
018917618
017302526
017213844
017261643
017209082