017620221
017670912
018279510
016692542
016969154
017167806
016681315
015847667
015818228
015666424
007887553
020499997
017448099
016250467
017909291
016527642
016531252
016544197
016601879
016602048
016602418
016735605
016934499
016968109
017035100
015429447
015439825
015591377
015692839
015709213
015747199
015748109
015752356
015795882
015796329
015829740
015831174
015857645
015876147
015886062
015905471
015906083
015966539
015967958
015985679
016016324
016032389
016041175
016065768
016133158
016197351
016207558
014781489
014838400
020826215
020846947
015330439
015726607
016116443
016149409
018508146
016699941
017035529
017379709
020115393
020577056
018153937
018903891
018903896
018903937
018903963
018904013
019403605
020672660
019020515
019226280
017853202
017945822
018232351
016549261
016551033
016551071
016551080
016551101
016551816
016590724
016637519
013830948
015836375
015717507
015717419
020524954
019397715
021174879
017671606
020675316
020675328
021174904
021174910
020420432
018837204
016255875
016584251
016895947
015655833
015894004
016028471
016028672
016041203
016174197
016183867
016322617
021021400
021163217
021171727
021171744
021171799
021171820
021171881
021174907
021174911
021174949
021178011
021189733
021197181
021197214
021202624
021209963
021210026
020797899
020011812
020057882
020167593
020167603
020184179
018546043
018633868
019812624
019813265
019817165
019843302
019843312
019843315
019843316
019843317
019939708
020301750
020320314
020324480
020368529
020420429
020420456
020427323
020449800
020512463
020567076
020567576
020567736
020570988
020571005
020571017
020571084
020577140
020577275
020577298
020577513
017448095
017474253
017495036
018734744
018760176
018816412
018827127
018996427
019012489
019050817
019064742
019074595
019096517
019119232
019344904
019365139
019365200
019547912
019649351
019649521
019674824
019687995
020582482
020582551
020582613
020582692
020582744
016306508
016330244
017561736
017590406
017683588
017740444
017838049
018169700
018182268
018188417
018218552
018261037
018349603
016430261
016459261
016459270
016459275
016462526
016476132
016506823
016524478
016601810
016604952
016631548
016735719
016892926
016934459
016989197
017013639
017017059
017017062
017017064
017017068
017017073
017017088
017017093
017017101
017017104
017017106
017017110
017021827
017021836
017021843
017021854
017021910
017021923
017021933
017021946
017021948
017021950
017021951
017021952
017021963
017021966
017022567
017022571
017022825
017022911
017022934
017022944
017022951
017022961
017022970
017022974
017022983
017022990
017022994
017023005
017023008
017023010
017023011
017023014
017023017
017023027
017023029
017023038
017023043
017023046
017023052
017023061
017023065
017023068
017023082
017023092
017023100
017023103
017023112
017023116
017023120
017023123
017023126
017023129
017023132
017023134
017023136
017023142
017023143
017023145
017023146
017023147
017023149
017030034
017031514
017031515
017031519
017031520
017031524
017031527
017031531
017031532
017031534
017031537
017031539
017031540
017031541
017031542
017031543
017031544
017031546
017031547
017031548
017031549
017031550
017031551
017031553
017031554
017031555
017031557
017031558
017031559
017103707
017359886
017573251
015441799
015580294
015661415
015670527
015697692
015708264
015754497
015778102
015779909
015780081
015808308
015891745
015900591
015961467
015997225
016002849
016004351
016005703
016017735
016021222
016032234
016046298
016046379
016052723
016080297
016083961
016101090
016104332
016108029
016113679
016119694
016119805
016123477
016128633
016178569
016197420
016512060
016654102
020655697
020675289
020679248
020679254
020679261
020679267
020679273
020680102
020681398
020681605
020681758
020681764
020681778
020685424
020685525
020685726
020685727
020688067
020688377
020688380
020688456
020688482
020692674
020708093
020708097
020770812
020797108
020826212
020826213
020866784
020937441
021008339
021018811
021140509
021141347
021155927
021163341
021167263
021167566
021178507
021187054
021202937
021205198
021209948
021209978
021209986
021212076
021215910
021226441
021246642
021246775
021246779
021246898
021247961
021248047
021253395
020679245
013388224
013438622
013560883
020006376
020023410
020036873
020037242
020037244
020037560
020167279
018541169
018541252
019747737
019817921
019833188
019860232
019900126
020288444
020288611
020288668
020288917
020305430
020320163
020320315
020347182
020365216
020404727
020415863
020449067
020493965
020532320
020553989
020566998
020567000
020571037
020577072
020577122
020577285
017443853
018675990
018724938
018907097
019104585
019162272
019198195
019204542
019258384
019294627
019368475
019540335
019586024
019586040
019650106
020582433
016413504
017721768
017775000
017832541
018180497
018244251
015180293
016450551
016587400
016872179
015323005
015334342
015486103
015496693
015513847
015646351
015778368
015957426
015975358
016013734
016028018
016032733
016036237
016064350
016069404
016070994
016090003
016203469
016207786
016222377
016634708
016696566
016773372
014502354
014655039
020680084
020685690
020685694
020688348
020707476
020711413
020781110
020790172
020804831
020851192
020988830
021052859
021088158
021135106
021135133
021135179
021167458
021167605
021171833
021177983
021183704
021202658
021202751
021248006
021253623
018833897
020037245
020037246
020577483
018996388
016262236
017891376
018180440
016491230
015946230
020656715
020776140
021163279
021246908
013686741
013491589
018148124
012909334
012090471
013038201
020183863
015843306
014489515
020749764
019054445
020238515
020302287
018085990
014055824
020712898
020712952