018260897
015537553
013516226
018028339
018053058
018065749
018065757
016996596
016293905
016296827
016493398
016540568
016623404
016773563
016783172
016820421
016945300
017048272
016149274
016150829
016222580
015555042
013242862
012448639
007198780
017568791
015646278
009636312
016413586
007193188
018623062
017751733
017855707
017873807
018004277
016660418
016697284
016743080
016935301
017489724
017556888
017556973
017564777
015798540
016197544
013009149
013374341
013454163
008295915
007728844
007728846
007728847
007030647
016258719
016283379
016289579
016413681
017757533
016480284
016480294
016481825
016488167
016491755
016493323
016496701
016496828
016497911
016498097
016498103
016505850
016506580
016506752
016511782
016540591
016543076
016560570
016595112
016600625
016660410
016660484
016660514
016735330
016737501
016737509
016737522
016737525
016737527
016737530
016737537
016737538
016737550
016737553
016737555
016737557
016737559
016737561
016737565
016737568
016737570
016737576
016737579
016737582
016737585
016737586
016737591
016737595
016737597
016737599
016737623
016737651
016737658
016737662
016737666
016737667
016737673
016737688
016737690
016737692
016737699
016737711
016737714
016737717
016737718
016737720
016737722
016737725
016737728
016737730
016737734
016737736
016737738
016737740
016737742
016737743
016737746
016737750
016737751
016737753
016737754
016737756
016737757
016737771
016737772
016737774
016737910
016737913
016737933
016737944
016737946
016737949
016737964
016738124
016738126
016738128
016738131
016738134
016738137
016738140
016738146
016738148
016739146
016739149
016739150
016739151
016739152
016739153
016739155
016739156
016739157
016739158
016739159
016739161
016739162
016739163
016739165
016739166
016740732
016740734
016740737
016740738
016740741
016740770
016740774
016740775
016740777
016740782
016740786
016740801
016740826
016740926
016740930
016740934
016740937
016740941
016740946
016740949
016740956
016740958
016741458
016741464
016741474
016741486
016741489
016742772
016742773
016742774
016742810
016742816
016742820
016742827
016742829
016742834
016742837
016742841
016742844
016742850
016744602
016744606
016744608
016748540
016748620
016780302
016780303
016780305
016780306
016780307
016780313
016780315
016780322
016780323
016780325
016780326
016786063
016786067
016786069
016786071
016786074
016786077
016786078
016786082
016786083
016786092
016786094
016786098
016786100
016786118
016786123
016786124
016786125
016786126
016786166
016786168
016786169
016786175
016786179
016786182
016786184
016786189
016786191
016786237
016786238
016786240
016786242
016786246
016786248
016786256
016786259
016786263
016786265
016786272
016786274
016786275
016786278
016786282
016786284
016786285
016786346
016786347
016786350
016786351
016786359
016786364
016786365
016786369
016786373
016798102
016798105
016798109
016798112
016798117
016798119
016798122
016798125
016798127
016798138
016798140
016798143
016798144
016798152
016813102
016813112
016813116
016813122
016813124
016813127
016813133
016813153
016813160
016813162
016813163
016813169
016813174
016813178
016813182
016813185
016813188
016813192
016813193
016813197
016813200
016817480
016817485
016817486
016817492
016817496
016817517
016817519
016817523
016817527
016817534
016817540
016817543
016817545
016817547
016817566
016817571
016817584
016817593
016817606
016817611
016817613
016817616
016817620
016817625
016817628
016817631
016817676
016817677
016817678
016817681
016817682
016817683
016817685
016817787
016817793
016817798
016817801
016817805
016817810
016817816
016817820
016818323
016820278
016820300
016820369
016820374
016820385
016820392
016820396
016820399
016820404
016820414
016820417
016820418
016820420
016820451
016820571
016820576
016820578
016820587
016820591
016820598
016820603
016820605
016820606
016820608
016820612
016820619
016820621
016820624
016820628
016820630
016820634
016820638
016820925
016840216
013779903
015393238
015393239
015393240
015393241
015393242
015393243
015393244
015393245
015393246
015393247
015393248
015393249
015393250
015393251
015393252
015393253
015393254
015393255
015393256
015393257
015393258
015393259
015393260
015393261
015393262
015393263
015393264
015393265
015393266
015393267
015393268
015393269
015393270
015393271
015393272
015393273
015393274
015393275
015393276
015393277
015393278
015393279
015393280
015393281
015393282
015393283
015393284
015393285
015393286
015393287
015393288
015393289
015393290
015393291
015393292
015393293
015393294
015393295
015393296
015393297
015393298
015393299
015393300
015393301
015393302
015393303
015393304
015393305
015393306
015393307
015393308
015393309
015393310
015393311
015393312
015393313
015393314
015393315
015393316
015393317
015393318
015393319
015393320
015393322
015393323
015393324
015393325
015393326
015393327
015393328
015393329
015393330
015393331
015393332
015393333
015393334
015393335
015393336
015393337
015393338
015393339
015393340
015393341
015393342
015393343
015393344
015393345
015393346
015393347
015393348
015393349
015393350
015393351
015393352
015393353
015393354
015393355
015393356
015393357
015393358
015393359
015393360
015393361
015393362
015393363
015393364
015393365
015393366
015393367
015393368
015393369
015393370
015393371
015393372
015393373
015393374
015393375
015393376
015393377
015393378
015393379
015393380
015393381
015393382
015393383
015393384
015393385
015393386
015393387
015393388
015393389
015393390
015393391
015393392
015393393
015393394
015393395
015393396
015393397
015393398
015393399
015393400
015393401
015393402
015393403
015393404
015393405
015393406
015393407
015393408
015393409
015393410
015393411
015393412
015393413
015393414
015393415
015393416
015393417
015393418
015393419
015393420
015393421
015393422
015393423
015393424
015393425
015393426
015393427
015393428
015393429
015393430
015393431
015393432
015393433
015393434
015393435
015393436
015393437
015393438
015393439
015393440
015393441
015393442
015393443
015393444
015393445
015393446
015393447
015393448
015393449
015393450
015393451
015393452
015393453
015393454
015393455
015393456
015393457
015393458
015393459
015393460
015393461
015393462
015393463
015393464
015393465
015393466
015393467
015393468
015393469
015393470
015393471
015393472
015393473
015393474
015393475
015393476
015393477
015393478
015393479
015393480
015393481
015393482
015393483
015393484
015393485
015393486
015393487
015393488
015393489
015393490
015393491
015393492
015393493
015393494
015393495
015393496
015393497
015393498
015393499
015393500
015393501
015393502
015393503
015393504
015393505
015393506
015393507
015393508
015393509
015393510
015393511
015393512
015393513
015393514
015393515
015393516
015393517
015393518
015393519
015393520
015393521
015393522
015393523
015393524
015393525
015393526
015393527
015393528
015393529
015393530
015393531
015393532
015393533
015393534
015393535
015393536
015393537
015393538
015393539
015393540
015393541
015393542
015393543
015393544
015393545
015393546
015393547
015393548
015393549
015393550
015393551
015393552
015393553
015393554
015393555
015393556
015393557
015393558
015393559
015393560
015393561
015393562
015393563
015393564
015393565
015393566
015393567
015393568
015393569
015393570
015393571
015393572
015393573
015393574
015393575
015393576
015393577
015393578
015393579
015393580
015393581
015393582
015393583
015393584
015393585
015393586
015393587
015393588
015393589
015393590
015393591
015393592
015393593
015393594
015393595
015393596
015393597
015393598
015393599
015393600
015393601
015393602
015393603
015393604
015393605
015393606
015393607
015393608
015393609
015393610
015393611
015393612
015393613
015393614
015393615
015393616
015393617
015393618
015393619
015393620
015393621
015393622
015867172
015871973
015901490
015999353
016011324
016232470
014485628
014615662
012449023
013016699
007892543
019420774
019547748
017411755
017443863
017581088
020819545
020819565
020819602
016545912
016606839
014696023
016601668
016021098
012448076