012431792
012431835
013132487
012431793
012431810
012431815
012431818
012431826
012433909
012432980
012434471
013712872
012433487
014017230
018119693
012088576
012431785
012431922
012431935
012432026
012432194
012432216
012432238
012432268
012432286
012432290
012432306
012432329
012432339
012432347
012432377
012432485
012432685
012432698
012432880
012432978
012433039
012433073
012433096
012433358
012433382
012433632
012433764
012433851
012433912
012434122
012434132
012434194
012434206
012434268
012434300
012434382
012434420
012434429
012434470
012434473
012434505
012434673
012434750
012434760
012434878
012434906
012434952
012435229
012435284
012923274
012924428
013089403
013089583
013089606
013089608
013089646
013089659
013089744
013093737
013103218
013103576
013128221
013201579
013218621
013303501
013354968
013357633
013361610
013387881
013405370
013440891
013453912
013500710
013526017
016326699
016456663
016553412
016561007
013696498
013710484
013731489
013796272
015517571
015561302
015737624
015788432
015788960
015789216
015791870
015793759
015801442
015966825
015967847
015980753
015980935
015980974
015981026
016055950
013808693
013808738
014202025
014459435
014563088
014570979
014678925
014898565
012432105
012088314
012432309
012432594
012432776
012432977
013565790
013693974
013759829
015791474
013951931
014631488
013091823
012432751
012434804
013091814
013783357
016018422
014918919
012433401
015980838
013097485
016560974
013713113
013770834
012088711
012088769
012088814
012089221
012089226
012089230
012089273
012089650
012431794
012431942
012431954
012431960
012431976
012432028
012432076
012432109
012432137
012432146
012432148
012432206
012432248
012432266
012432280
012432303
012432323
012432324
012432352
012432366
012432422
012432423
012432488
012432529
012432565
012432708
012432727
012432744
012432747
012432755
012432790
012432823
012432856
012432864
012432872
012432873
012432879
012432884
012432895
012432906
012432913
012432931
012432933
012432948
012432969
012433029
012433068
012433075
012433139
012433143
012433144
012433167
012433174
012433179
012433186
012433190
012433202
012433331
012433332
012433333
012433334
012433346
012433348
012433393
012433416
012433441
012433459
012433489
012433490
012433525
012433528
012433532
012433562
012433570
012433571
012433572
012433590
012433591
012433612
012433635
012433656
012433666
012433679
012433719
012433733
012433749
012433767
012433782
012433786
012433790
012433802
012433833
012433837
012433876
012433892
012433898
012433899
012433932
012433941
012433945
012433953
012433957
012433996
012434015
012434030
012434068
012434080
012434085
012434096
012434157
012434158
012434353
012434448
012434460
012434612
012434645
012434647
012434649
012434650
012434663
012434716
012434839
012434869
012434877
012434955
012434957
012435033
012435039
012435080
012435132
012435174
012435184
012435223
012435269
012435283
012435297
012905577
012907876
012908128
012917119
012921030
012922308
012949341
013003849
013004476
013009578
013082921
013084857
013087272
013087298
013087314
013087538
013087556
013087607
013087630
013087676
013087913
013088827
013088844
013088917
013088938
013089262
013089299
013089368
013089433
013089439
013089482
013089496
013089506
013089509
013089515
013089532
013089545
013089585
013089587
013089590
013089591
013089611
013089613
013089620
013089622
013089627
013089628
013089630
013089644
013089648
013089650
013089654
013089655
013089665
013089668
013089680
013089682
013089687
013089696
013089700
013089704
013089713
013089714
013089720
013089732
013089737
013089738
013089740
013089743
013089747
013089752
013089763
013090482
013090592
013091365
013091459
013091502
013091595
013091801
013095330
013095739
013095763
013095985
013096090
013096542
013097415
013097438
013097442
013097465
013097470
013097513
013097575
013097669
013097703
013101031
013101042
013101046
013101104
013103286
013103356
013103443
013103508
013103515
013103517
013103534
013103568
013103571
013103758
013103764
013103820
013103831
013103911
013103934
013107923
013110146
013111549
013114722
013132521
013135328
013179241
013181627
013284129
013295108
013357603
013365131
013378780
013415974
013417393
013425721
013461240
013461970
013466562
013499394
013502550
013533611
013545107
013551595
013574157
011455584
011457502
011459173
011459174
018607765
018660261
017455852
018716533
016282563
016302341
016320066
016320449
016335900
016415608
016419949
017746201
017751605
018111961
018112076
018119631
018119829
015264129
016431509
016436679
016456610
016491488
016501196
016553816
016599794
016624311
016624457
016627515
017017221
017017260
017017315
013610570
013670237
013673345
013686631
013695491
013696719
013697845
013705297
013706909
013710315
013714527
013717398
013718309
013732163
013737385
013737931
013738090
013741736
013743639
013743857
013751102
013760060
013760070
013760636
013765318
013768499
013796417
015293227
015294237
015563698
015642453
015737947
015737968
015738184
015738217
015788994
015789207
015789339
015792073
015792155
015792160
015792217
015793749
015798228
015801402
015801724
015857936
015968574
015994089
016017479
016037772
013808895
013820527
013835875
013942973
013943103
013943356
013943472
014016826
014017078
014017266
014058788
014237238
014459390
014488611
014488781
014489851
014492410
014502781
014582098
014582189
014606375
014624448
014624694
014629540
014632319
014653329
014667233
014678484
014678504
014764142
014767336
014785192
014798484
014858975
014875867
014899517
014907080
014908258
014917548
014931384
014940146
012431938
012431998
012432038
013805101
015788504
015789119
012432863
018716071
018716603
012433916
018716580
018936962
017745903
018148108
013693576
015633632
014474438
012432264
013553523
012432090
012432223
012432291
012433616
012433617
012434281
012435300
013361085
011453469
016283728
016439864
017014794
017017081
017017251
015435229
015651398
015792811
014634576
016450020
012433191
012431796
012432768
012433387
012433901
012435034
013095904
013103206
013103540
011458203
016323856
016323917
016326640
013696601
013698069
013731656
013742365
012947169
016332933
013812725
013089625
012088510
012089222
012431988
012432773
012433092
012433160
012433197
012433552
012433668
012433723
012433735
012434055
012434082
012434845
012906894
012908244
013025326
013087289
013087341
013087419
013088248
013088709
013089259
013089324
013089363
013089478
013089493
013089497
013089500
013089508
013089518
013089535
013089572
013089624
013089634
013089666
013089672
013089688
013089730
013089735
013089736
013090328
013090644
013091737
013091888
013093778
013093894
013093988
013093997
013094152
013097542
013100844
013103294
013103523
013111510
013111706
013159166
013308038
013554345
016323098
016335890
016335950
015288644
016599437
016627488
013609227
013691414
013737270
013737676
013741719
013752703
015792101
015792302
015803144
016132162
014050846
014053742
014501017
014617810
014618889
014625575
014687651
014876665
013478012
012431913
012432278
012432402
012432490
012432693
012432842
012433072
012433575
012433580
012433619
012433773
012433780
012433919
012433978
012434036
012434101
012434129
012434198
012434388
012434423
012434518
012434757
012434991
012434997
012435016
013089657
016415859