018260834
018260864
018260888
018260954
018261038
018261057
018261068
018261074
018261078
018261082
018266883
018266932
018266965
018266992
018267064
018268260
018268307
018268421
018268577
018273331
018273344
018274991
018275034
018275147
018275149
018260910
018715829
018715949
018715967
018268437
018273317
017943673
017945389
018865525
018865526
017945046
017945237
017855512
017855516
017855518
017855519
017855528
017855532
017855538
017855540
017855543
017855548
017945121
017945181
017945336
017945351
017945425
017952792
017952804
017952814
017952830
017952848
017952881
017952893
017952901
017952931
017952948
017952963
017958750
017958871
017958922
017958939
017958947
017959004
017959021
017959036
018020761
018020822
018212706
018275516
018342380
019434592
018342833
018342834
018342835
018342836
018342837
018342838
018342839
018342840
018342841
018342842
018342843
018342844
018342845
018342847
018342848
018342850
018342851
018342852
018342853
018342854
018342855
018342856
018342857
018342858
018342859
018342860
018342861
018342862
018342863
018342864
018342865
018342866
018342867
018342868
018342869
018342870
018342871
018342872
018342873
018342874
018342875
018342876
018342877
018342878
018342879
018342880
018342881
018342882
018342883
018342886
018342887
018342888
018342889
018342890
018342891
018342892
018342893
018342894
018342895
018342896
018342897
018342898
018342899
018342900
018342901
018342902
018342903
018342904
018342905
018342906
018342907
018342908
018342909
018342910
018342911
018342912
018342913
018342915
018342916
018342917
018342918
018342919
018342920
018342921
018342922
018342923
018342924
018342925
018342926
018342927
018342928
018342929
018342930
018342931
018342932
018342933
018342934
018342935
018342936
018342937
018342938
018342939
018342940
018342941
018342942
018342943
018342944
018342945
018342946
018342947
018342948
018342949
018342950
018342951
018342952
018342953
018342954
018342955
018342956
018342957
018342958
018342959
018342960
018342961
018342962
018342963
018342964
018342965
018342966
018342967
018342968
018342969
018342970
018342971
018342972
018342973
018342974
018342975
018342976
018342977
018342978
018342979
018342980
018342981
018342982
018342983
018342984
018342985
018342986
018342987
018342988
018342989
018342990
018342991
018342992
018342993
018342994
018342995
018342996
018342997
018342998
018343000
018343001
018342846
018342849
018342884
018342885
018342914
018342999
018338004
017855522
017943661
018384361