016217917
016217946
016217972
016217973
016217980
016218000
016218001
016071260
016071812
016121019
016480422
016480518
016480541
016834958
015876348
015876360
015876373
015876377
015876380
015876385
015876388
015876396
015876400
015876401
015876603
015876635
015876658
015876660
015876663
015876664
015876667
015876676
015876679
015876689
015876691
015876692
015876693
015876694
015876695
015876696
015876704
015876706
015876709
015876718
015876721
015876722
015876723
015876725
015876758
015876759
015876770
015876776
015876786
015876789
015876792
015876798
015876799
015876800
015876812
015876813
015876814
015876824
015876834
015876849
015876853
015876854
015876856
015876863
015876868
015876871
015876876
015876894
015876904
015876905
015876914
015876921
015876926
015876943
015876974
015876981
015876988
015876989
015877008
016065488