012432480
013357564
015586371
017665066
016869781
016869905
016869928
016869969
012431892
012432130
012432245
012432826
012432869
012433117
012433403
012434773
012435293
012914318
013133606
013177562
013179393
013493988
013494264
011459258
011459259
017664687
016869977
013697668
015331166
015633895
015800553
016006391
016064281
014406596
014665759
012432871
016042357
013462809
012431957
012432129
012432300
012432486
012434881
012908489
012917368
013272482
013351801
013352102
013355117
013356667
013358314
013359008
013363968
013391027
013411954
013465165
013488041
013497058
013581412
011458492
005478029
018607033
019592369
017748264
017987573
016623112
016866078
016869768
013686434
013768875
015797671
015831423
016006407
016034094
016064420
016064459
014058507
014514931
014562974
014620848
014627926
014634712
014684120
014761354
014941234
012432930
013357579
013095847
013350699
014851381
016065053
013344948
013350608
016637165
015331046
013817019
014571898
007198387
016222403
019279089
