013771163
016312406
018083057
018083110
018083136
018083229
018085080
020530015
019075581
017066647
018086972
017383192
015976987
019589154
020131908
018611288
019247929
019813273
019980237
019659446
016113734
016510785
016807607
017103604
017151838
015517637
016497024
015815626
018084752
018091492
018090366
013087852
013120218
009220434
018482422
018545660
018648293
018648298
019620941
019764558
020558124
017556155
019006241
019118678
019643625
016250207
016302582
017703025
017714003
017743380
017780310
017810491
017866102
017881990
017899600
017924390
018041289
018083134
018084882
018085000
018085171
018085719
018087001
018087050
018087073
018087144
018090370
018090380
018090433
018090448
018090545
018090584
018091479
018091490
018091530
018103241
018103255
018123635
018174763
018232342
016524456
016593256
016593703
016646791
016758796
016788813
016963455
017014894
017043602
017110939
017162730
017162735
017162738
017162739
017384369
013785544
015323955
016092401
016099930
016102378
016121597
016146357
018090529
017035184
020023536
020023620
020189865
019958031
016414107
020032897
019993251
018923516
019621000
018680831
018552119
019621015
017460608
019013536
019187720
019225650
019443068
018090543
019674836
018851066
016332967
018087155
018090454
018090472
018091456
018091472
017162749
017162750
017374400
016972301
020718598
009918596
011458569
005422668
017525247
016532027
016699868
017458547
