017758177
016909657
011453757
018519793
018553025
018559226
018559458
018611802
019674640
019727687
019789481
019876015
019884930
019926205
020448275
017448926
018766711
018833663
018836995
018839502
018848497
018848508
018866591
018896064
018896089
018896100
018910332
018916681
018918243
018923296
018923694
018989813
019028497
019104472
019104490
019176502
019206555
019213435
019223013
019229464
019246986
019294860
019296123
019397049
019403416
019420384
019482259
019515043
019547313
019592084
019604985
019615035
019668018
019674756
017613915
017622194
017631998
017719186
017724412
017758265
017784076
017859161
017881277
017891149
017971108
017987558
017993647
018084880
018123896
018153958
018169793
018182463
018278845
018334410
018334458
018352355
018352437
018370033
018384405
018412937
018452879
018466937
018467258
016474632
016474848
016491255
016807374
016818671
016824182
016949973
017032369
017032403
017042338
017047888
017373726
017430975
017430984
017561715
017575977
015424104
015736437
015736873
015976540
015998931
016105593
016237495
016437539
016476202
016586878
016593725
016624324
016630529
016788908
014786385
020205831
016548936
016564010
015737074
