020005251
020005252
020005255
020005256
020005259
020005260
020005261
020005262
020005264
020005265
020005266
020005269
020005272
020005290
020005291
020005292
020005293
020005294
020005295
020006099
020006100
020010785
020010786
020010787
020010788
020010789
020010790
020010791
020010793
020010794
020010908
020010909
020010934
020010935
020010936
020010937
020010938
020010939
020010940
020010941
020010942
020010943
020010944
020010945
020010946
020010947
020010948
020010949
020010950
020010951
020010952
020011592
020011593
020015403
020015404
020015405
020015406
020015407
020015408
020015409
020015420
020016900
020016901
020016937
020016938
020016956
020016957
020017478
020017479
020017480
020017481
020017482
020017483
020017484
020017485
020017486
020017487
020017488
020017489
020017490
020017491
020017492
020017493
020017494
020017495
020017496
020017497
020017498
020017992
020017993
020017994
020017995
020017996
020017997
020017998
020017999
020018000
020018001
020018002
020018003
020018004
020018005
020018006
020018007
020018008
020018009
020018010
020022555
020022556
020022557
020022980
020022981
020022984
020022986
020022987
020022988
020022989
020022990
020022991
020022992
020022999
020023002
020023006
020023017
020023035
020023036
020023037
020023038
020023039
020023040
020023041
020023042
020023043
020023044
020023045
020023374
020023375
020023376
020023377
020023378
020023379
020028760
020028762
020028763
020028764
020028765
020028766
020028767
020029294
020029295
020029296
020029297
020029298
020029299
020029300
020029301
020029302
020029303
020029304
020029305
020029306
020029307
020029308
020029309
020029310
020029311
020029312
020029313
020029314
020029315
020029316
020029317
020029318
020030063
020030064
020031016
020031017
020032257
020032258
020032259
020032260
020032261
020032262
020032263
020032264
020032265
020032266
020032267
020032268
020032269
020032270
020032271
020032272
020032273
020032274
020032275
020032276
020032277
020032278
020032279
020032280
020032281
020032282
020032776
020032777
020032778
020032779
020036903
020036904
020036905
020036906
020036907
020036908
020036909
020036910
020036911
020036912
020036913
020036914
020037450
020039604
020039605
020039606
020039607
020039608
020039609
020039610
020039611
020039612
020039613
020039614
020039615
020039616
020039617
020039619
020039620
020039621
020039622
020039623
020039624
020039625
020039626
020039627
020039628
020039629
020039630
020039631
020039632
020039633
020039634
020039635
020039636
020039637
020039638
020039639
020039640
020039641
020039642
020039643
020039644
020039645
020044444
020044445
020044446
020044447
020044448
020044449
020044450
020044452
020044453
020046670
020046671
020046672
020046673
020046674
020046675
020046676
020046677
020046678
020046679
020046680
020046683
020046684
020046685
020046686
020046687
020046688
020046689
020046690
020046691
020049502
020049503
020049504
020049505
020049506
020049507
020049508
020049509
020049510
020049511
020049512
020049513
020049514
020049515
020049516
020049517
020049518
020049519
020049520
020049521
020049522
020049523
020049524
020049525
020049526
020049527
020049528
020049529
020049530
020049531
020049532
020049779
020049780
020049781
020049782
020049783
020049784
020049785
020049786
020049787
020049788
020050044
020050045
020050046
020050047
020050048
020050489
020050490
020050491
020050492
020050493
020050494
020050495
020050496
020055626
020055627
020056130
020056131
020056132
020056133
020056134
020056135
020056136
020058079
020059994
020059997
020065198
020065199
020065200
020066679
020066680
020066681
020066682
020066686
020066687
020066688
020066689
020066690
020066691
020066692
020066693
020066694
020066695
020066696
020066697
020066698
020066699
020066700
020066701
020066702
020066703
020066704
020066705
020066706
020066707
020066708
020066709
020066710
020066712
020066713
020066714
020066715
020066716
020066717
020066718
020066719
020066720
020066721
020067021
020067022
020067023
020067024
020067025
020067026
020067027
020067028
020067029
020068498
020068499
020068500
020068501
020068502
020068503
020068504
020068505
020068506
020068507
020068508
020068509
020068510
020068511
020068512
020068513
020068514
020074036
020074037
020074040
020074052
020074053
020074054
020074065
020076162
020076769
020078775
020078777
020078875
020078876
020078877
020078878
020078880
020078882
020078883
020078884
020078885
020078886
020078887
020078888
020078889
020078890
020078891
020078892
020088944
020088946
020088947
020088948
020088949
020088950
020088953
020088957
020088958
020088961
020088964
020088965
020088966
020088967
020088968
020088971
020088974
020088975
020088976
020088977
020088978
020088979
020088980
020088981
020088982
020088983
020088984
020089407
020089408
020089411
020089445
020089447
020089448
020089449
020089450
020089451
020089452
020089453
020089454
020089455
020089456
020089457
020089458
020089459
020089460
020089461
020089462
020089463
020089464
020089465
020089466
020089467
020089468
020089469
020089470
020099512
020099513
020099514
020100562
020100563
020100604
020100605
020101347
020101348
020101349
020101350
020101351
020101352
020101353
020101354
020101355
020101356
020101357
020101358
020101360
020101367
020101377
020101378
020101379
020101397
020101399
020101401
020101404
020101405
020101406
020101407
020101410
020101411
020101412
020101413
020101414
020101415
020101416
020101417
020101419
020104986
020104987
020104988
020104989
020104990
020104991
020105417
020105419
020105420
020105423
020105424
020105431
020105432
020105433
020105434
020105435
020105436
020105442
020105444
020105446
020105447
020105452
020105453
020106145
020106146
020106147
020106148
020106149
020106150
020106151
020106152
020106184
020106185
020106186
020106187
020106188
020106189
020106190
020106191
020106192
020106193
020106194
020106195
020106196
020106197
020106218
020106219
020106220
020106221
020106222
020106223
020106224
020106225
020106226
020106227
020106228
020106229
020106230
020106231
020106232
020106233
020106234
020106235
020106236
020106237
020106238
020106239
020106240
020106242
020106243
020106244
020106245
020106246
020106247
020106248
020106249
020106250
020106251
020106252
020106253
020106254
020106255
020106256
020106257
020106258
020106259
020106260
020106261
020106262
020106263
020106264
020106265
020106266
020106267
020106268
020106269
020106270
020106271
020106272
020106273
020106274
020106275
020106276
020106277
020106278
020106279
020106280
020106281
020106282
020106283
020106284
020106285
020106288
020106289
020106290
020110096
020110097
020110098
020110099
020110100
020110101
020112144
020112150
020112151
020112153
020112167
020112171
020112189
020112190
020112233
020112234
020115391
020116154
020116156
020116158
020116159
020116160
020116161
020116162
020116163
020116164
020116165
020116166
020116167
020116168
020116169
020116170
020116171
020116172
020116173
020116174
020116175
020116176
020116177
020116178
020116179
020116181
020116467
020116468
020116469
020116470
020116603
020116606
020116609
020116610
020116611
020116612
020116615
020116620
020116635
020116641
020116643
020116649
020116650
020116651
020116652
020116653
020116654
020116655
020116656
020116657
020116658
020126723
020127454
020127455
020127456
020127457
020127458
020127459
020127460
020127461
020127462
020127463
020127464
020127465
020127466
020127467
020127468
020127469
020127470
020127471
020127472
020127473
020127474
020127475
020127476
020127477
020127478
020127479
020127480
020127496
020127497
020127500
020127502
020127503
020127504
020127505
020127516
020127525
020127526
020127527
020127528
020132107
020132108
020132109
020132110
020132111
020132112
020132113
020132114
020132115
020132116
020132117
020132118
020132119
020132120
020132121
020132122
020132123
020132124
020132125
020132126
020132127
020132128
020132129
020132130
020132131
020132132
020132133
020132134
020132135
020132136
020132137
020132138
020132139
020132140
020132141
020132142
020132143
020132144
020132707
020132708
020132710
020132711
020132716
020132717
020132718
020132719
020132740
020132741
020132742
020132743
020132744
020132745
020132746
020132747
020132748
020132749
020132750
020132751
020132752
020132753
020132754
020132755
020132756
020132757
020132758
020136810
020136811
020136812
020136813
020136814
020136815
020136816
020136817
020136818
020136819
020136820
020136821
020136822
020136823
020136824
020136825
020136826
020137282
020137283
020137284
020137301
020137502
020137503
020137504
020137505
020137506
020137507
020137508
020137509
020139029
020139081
020139082
020139085
020139087
020139088
020139091
020139092
020139093
020139094
020139095
020139097
020139098
020139099
020139100
020139104
020139115
020139119
020139123
020139125
020139126
020139136
020139137
020139138
020139139
020139140
020139141
020139142
020139143
020139144
020139145
020139146
020139147
020139352
020139353
020139354
020139355
020139356
020139357
020139358
020139359
020139360
020139361
020139362
020139363
020144284
020144285
020144286
020144287
020144288
020144345
020144352
020144353
020144354
020144355
020144356
020144357
020144358
020144359
020144360
020144361
020144362
020144363
020144364
020144365
020144366
020144367
020144368
020144369
020144370
020144371
020144372
020144373
020144374
020144375
020144376
020144377
020144378
020144379
020144380
020144381
020144382
020144383
020144384
020144385
020144386
020144387
020144388
020144389
020144390
020144391
020144392
020144393
020144394
020144395
020144396
020144397
020144398
020144657
020144658
020144659
020144660
020144661
020144662
020144663
020151929
020151930
020151931
020151932
020151933
020152062
020152063
020152064
020152065
020152066
020152067
020152068
020152069
020152070
020152071
020152072
020152073
020152074
020152075
020152076
020152077
020152078
020152079
020154279
020154280
020154369
020154370
020154371
020154372
020154373
020154374
020154375
020154376
020154377
020154378
020154379
020154380
020154381
020154382
020160219
020160220
020160221
020160222
020160223
020160224
020160225
020160226
020160227
020160228
020160511
020160512
020160513
020160514
020160515
020160516
020160517
020160518
020160519
020160520
020160521
020160522
020160523
020160524
020160525
020160526
020160527
020160528
020160529
020160530
020160531
020160532
020160533
020160534
020160535
020160536
020160537
020160538
020160539
020160540
020160541
020160542
020160543
020160544
020160545
020160546
020160547
020160548
020160549
020160550
020160551
020160552
020160553
020160554
020160555
020160556
020161193
020161194
020161195
020161196
020161197
020161198
020161199
020161200
020161201
020161394
020161395
020161396
020161397
020161398
020161399
020161400
020161401
020168841
020168842
020168843
020168844
020168853
020170651
020170653
020170654
020170656
020170657
020170660
020170661
020170662
020170663
020170664
020170665
020170666
020170667
020170668
020170669
020170672
020170675
020171064
020171065
020171066
020174492
020174493
020174494
020174495
020178721
020178722
020178723
020178724
020178727
020178728
020178729
020178730
020178731
020178732
020184599
020184601
020184602
020184604
020184605
020184606
020184607
020184608
020184609
020184610
020186364
020186366
020186367
020186381
020186384
020191898
020191899
020191900
020191901
020191902
020191903
020191904
020191905
020191906
020191907
020192717
020192718
020192719
020192720
020192721
020192722
020192723
020192724
020192725
020192726
020192727
020192728
020192729
020192730
020192731
020192732
020192733
020192734
020192735
020192736
020192737
020192738
020192739
020192740
020192741
020192742
020192743
020192744
020192745
020192746
020192747
020192748
020192749
020192750
020192751
020192753
020192754
020192755
020192756
020192757
020192758
020192759
020192760
020192761
020192762
019200005
019200006
019200011
019200013
019200014
019200018
019200019
019200020
019206074
019206090
019206093
019206094
019206101
019206103
019206120
019206611
019206614
019206616
019206618
019206619
019206621
019206622
019206625
019206631
019206632
019206633
019206634
019206635
019206636
019206637
019206638
019206639
019206640
019206641
019206642
019206643
019206644
019207648
019207649
019207650
019214313
019214314
019214315
019215148
019215150
019215152
019215153
019215154
019215155
019215156
019215157
019215158
019215160
019215170
019215171
019215796
019215797
019215798
019215799
019215800
019215801
019215802
019215803
019215804
019215805
019215806
019215807
019215808
019215809
019215810
019215811
019215812
019215813
019215814
019215815
019215816
019217070
019217071
019217072
019217073
019217074
019217075
019217076
019217077
019217078
019217079
019219160
019219163
019219164
019219165
019219166
019219167
019219168
019219169
019219170
019219171
019219172
019219173
019219174
019224163
019225293
019225294
019225296
019225297
019225300
019225304
019225305
019225306
019225307
019225308
019225309
019225310
019225311
019225312
019225313
019225314
019225315
019225316
019225317
019225319
019225320
019247506
019247507
019247508
019247509
019247510
019247511
019247512
019247513
019247514
019247515
019247516
019247517
019247518
019247519
019247520
019247521
019247522
019247888
019247890
019247892
019247895
019248939
019248941
019248950
019249027
019249028
019249029
019249030
019249031
019249033
019249034
019249765
019249766
019249822
019249823
019249824
019249825
019249826
019249827
019249828
019249829
019249830
019250122
019250123
019250124
019250125
019250126
019250127
019250128
019250129
019250130
019250131
019250132
019254103
019254104
019254107
019254108
019254125
019254134
019254855
019255812
019255816
019255818
019255821
019255822
019255828
019255829
019255830
019255831
019255832
019255833
019255834
019255835
019255836
019255837
019257161
019257162
019257163
019257167
019257168
019257169
019257170
019257171
019257175
019257184
019257356
019257357
019257358
019257359
019257360
019257361
019257362
019257363
019257364
019257365
019257366
019257367
019257374
019257693
019257695
019257707
019257708
019257709
019257713
019257730
019257732
019257745
019257752
019257753
019257754
019257755
019257758
019257760
019263876
019264441
019264442
019264443
019264444
019265069
019265070
019265071
019265072
019265074
019265075
019265076
019265077
019265613
019265618
019265622
019265624
019265626
019265631
019265632
019265633
019265634
019265635
019265636
019266746
019270606
019270608
019270609
019270611
019270612
019270613
019270614
019270720
019277606
019277607
019277608
019277609
019277610
019277611
019277612
019278771
019278777
019278782
019278783
019278784
019279012
019287699
019287700
019291606
019291618
019291619
019291620
019291621
019291628
019291629
019291630
019291637
019291659
019291660
019291661
019291662
019291663
019291664
019291665
019291666
019291667
019291668
019291669
019291670
019291671
019291672
019299300
019299301
019299302
019312800
019317378
019317390
019317400
019317401
019317402
019319566
019319567
019321363
019321371
019321376
019321377
019321378
019321379
019321380
019321381
019321382
019321383
019321384
019330914
019330915
019330916
019330917
019330918
019330920
019330921
019330922
019330923
019330924
019330928
019330929
019330930
019330931
019330932
019330934
019330935
019341099
019341100
019341101
019341102
019341103
019341104
019353009
019353011
019353013
019353014
019353015
019353016
019353017
019353020
019353022
019353024
019353028
019353032
019353034
019353057
019353058
019353059
019353060
019353061
019353062
019353063
019353064
019353065
019353066
019353067
019353068
019353069
019355380
019355382
019355388
019355409
019355410
019355411
019355412
019355413
019355414
019355415
019355416
019355417
019355418
019355419
019355420
019355423
019355424
019355425
019355426
019355427
019358032
019358033
019358034
019358036
019358037
019358045
019358048
019358049
019358050
019358051
019358052
019358053
019358054
019358055
019358058
019358061
019358062
019358063
019358064
019358065
019358066
019360873
019360874
019360877
019365000
019365001
019365709
019365710
019365711
019365712
019365716
019365718
019367120
019367122
019367124
019367125
019367127
019367131
019367134
019367135
019367136
019367137
019367140
019367141
019367142
019367143
019367144
019367145
019367146
019368184
019368282
019376344
019376345
019376346
019376347
019376348
019376350
019376351
019376352
019376353
019376354
019376355
019376356
019376357
019376358
019376359
019376360
019376361
019376362
019376363
019376364
019376365
019376366
019376367
019376368
019376369
019376370
019376371
019376372
019376373
019376374
019377657
019378438
019380435
019380436
019380437
019388646
019388649
019388650
019388651
019388652
019388655
019388656
019388657
019388658
019388659
019388660
019388661
019388662
019388664
019389644
019389645
019389654
019389655
019389656
019389657
019389658
019389659
019389660
019389661
019389662
019389664
019390672
019391932
019391936
019391937
019391938
019391939
019391940
019391941
019391942
019391943
019391944
019391945
019391947
019391956
019398162
019398163
019398164
019398165
019398166
019398167
019398168
019398169
019399167
019399168
019399169
019399170
019399171
019399172
019399173
019399174
019399175
019400311
019400313
019400314
019400316
019400318
019400319
019400321
019400322
019400323
019400324
019400325
019400326
019400327
019404876
019404877
019404878
019404879
019404880
019404881
019404882
019404883
019404884
019408614
019408615
019408616
019408617
019413558
019415309
019415310
019416828
019417343
019417344
019417345
019417346
019417347
019417348
019417349
019417350
019417351
019417352
019417353
019417354
019417355
019417356
019417357
019417358
019417359
019417360
019417361
019417362
019417426
019425882
019425883
019425884
019425885
019431787
019431788
019431789
019431790
019431791
019431792
019431793
019431794
019431795
019431796
019431797
019431798
019431799
019431800
019431801
019431802
019431803
019431804
019431805
019431806
019431807
019431808
019431809
019431810
019431812
019431814
019432329
019434072
019434074
019434075
019434076
019434077
019434078
019434079
019434080
019434081
019434082
019434084
019434098
019434099
019434100
019434101
019434102
019434103
019434104
019434106
019434107
019434108
019434110
019434111
019434112
019434113
019434115
019434118
019434119
019434121
019434122
019434125
019434126
019434127
019434128
019434129
019434130
019434131
019434132
019434133
019434134
019434135
019434136
019434137
019434138
019434139
019434140
019434141
019434142
019434143
019434144
019434145
019436688
019436690
019436691
019436692
019436694
019436695
019436696
019436697
019436698
019436699
019436700
019436701
019436702
019436703
019436704
019436705
019436706
019436708
019436720
019436723
019436724
019436725
019436726
019436727
019436728
019436731
019436733
019436734
019436735
019436736
019436737
019436738
019436739
019436740
019436741
019436742
019436743
019436744
019436745
019436746
019436747
019436748
019436749
019437236
019437237
019437238
019437239
019437240
019437241
019437244
019437245
019437246
019437247
019440691
019440692
019440693
019440694
019440695
019440696
019443101
019443102
019443103
019443104
019443105
019443106
019443107
019443108
019443109
019443110
019443111
019443112
019443113
019443528
019443529
019447351
019447352
019447353
019447354
019447355
019448530
019448531
019448536
019448540
019448542
019448546
019448547
019448548
019448553
019448557
019448567
019448568
019468252
019468253
019468254
019468255
019468256
019468257
019468258
019472603
019472605
019472620
019472621
019475452
019475453
019475457
019475459
019475485
019475486
019475487
019475488
019475916
019475917
019475929
019475930
019475932
019475933
019475934
019475935
019475936
019475937
019475938
019475939
019475940
019475941
019475942
019475943
019475944
019475945
019481324
019481325
019482010
019482011
019482013
019482014
019482029
019482030
019482031
019482032
019482033
019482034
019482035
019482036
019482037
019482038
019482039
019482040
019482041
019482042
019482043
019482044
019482045
019482046
019482047
019482048
019482049
019482050
019482077
019482079
019482081
019482082
019482084
019482085
019482086
019482087
019482088
019482089
019482090
019482091
019482092
019482097
019482099
019482104
019482105
019482113
019482114
019482115
019482116
019482117
019482118
019482119
019482120
019482121
019482122
019482123
019482124
019482125
019482126
019482127
019482128
019482129
019482130
019482131
019482132
019482627
019482628
019482629
019482630
019482631
019482632
019482633
019482634
019482635
019482636
019482637
019482638
019485918
019485919
019485920
019485921
019485922
019485923
019485924
019485925
019485926
019485927
019485928
019485929
019485930
019485931
019485932
019485933
019485934
019485935
019485936
019485937
019485938
019485939
019485940
019485941
019485942
019485943
019485944
019485945
019485946
019490438
019490439
019490440
019490441
019490442
019490443
019490444
019490445
019490446
019490447
019490448
019490449
019490450
019490451
019490452
019490453
019490454
019490455
019490456
019490457
019490458
019490459
019490460
019490461
019490462
019490463
019490464
019491020
019491021
019492592
019492593
019492594
019492604
019492607
019492609
019492632
019492633
019492634
019492635
019492636
019492637
019492638
019492639
019492640
019492787
019492788
019492789
019492790
019492791
019492792
019492793
019492794
019492795
019492796
019492797
019492798
019499616
019499617
019499618
019499619
019499620
019499621
019499622
019499623
019499624
019499625
019499626
019500226
019500227
019500229
019500248
019500249
019500250
019500251
019500252
019500253
019502095
019502098
019502131
019502132
019502133
019502134
019502135
019502136
019502137
019502138
019502139
019502140
019502141
019502142
019502143
019502745
019502784
019502785
019502786
019502787
019502788
019502804
019502805
019502806
019502807
019502808
019506517
019506518
019506519
019506520
019506521
019510157
019519231
019522776
019522777
019522778
019523067
019524615
019524620
019524626
019524627
019524628
019524629
019529200
019529201
019529203
019529205
019529206
019529207
019535846
019535847
019535848
019535849
019535850
019535851
019535852
019535853
019541753
019541754
019541755
019541756
019541757
019541758
019542539
019542540
019542541
019542542
019542543
019542544
019542545
019542546
019542547
019542548
019542549
019542550
019542551
019542552
019543201
019543202
019543203
019543204
019543210
019543211
019543212
019543213
019543214
019543925
019543949
019543950
019543953
019543954
019543955
019543956
019543957
019543958
019557103
019563297
019563298
019563299
019567354
019567355
019567356
019567357
019567358
019567359
019567409
019567410
019567411
019567412
019567413
019567414
019567415
019567416
019567417
019567418
019567419
019567420
019567421
019567422
019567423
019567424
019567425
019567426
019567427
019567428
019567429
019567430
019567431
019567432
019567433
019567434
019567435
019567439
019567440
019567443
019567444
019567445
019567446
019567447
019571733
019571734
019571735
019571736
019571737
019571738
019571739
019571740
019571741
019571742
019571743
019571744
019571745
019571746
019571747
019571748
019572530
019572531
019572532
019572533
019572534
019572535
019572536
019572537
019572538
019572539
019572540
019573724
019573725
019573726
019573727
019573756
019573757
019573758
019573759
019573760
019573761
019573762
019573763
019573769
019573931
019573932
019573933
019573934
019573935
019573936
019573937
019573938
019573939
019573940
019573941
019574304
019574305
019574306
019574307
019574308
019574309
019574310
019574311
019574312
019574313
019574314
019574315
019574316
019574317
019574318
019574319
019574320
019574321
019574322
019578361
019578362
019578363
019578364
019578365
019578366
019578367
019578368
019578369
019578370
019578371
019579118
019579119
019579120
019579121
019579122
019579123
019579124
019579125
019579126
019579127
019579128
019579129
019579130
019579131
019579132
019579133
019579134
019580816
019580817
019580818
019580819
019580820
019580821
019580822
019580823
019580824
019580825
019580826
019580827
019580828
019580829
019582393
019582402
019582403
019582408
019586496
019586514
019586521
019586522
019586523
019586537
019586538
019586539
019586540
019586541
019586542
019586545
019586549
019586550
019586551
019586552
019586553
019586554
019586555
019586556
019586557
019586558
019586559
019586560
019586561
019586562
019586563
019586564
019586565
019586566
019586567
019586570
019586571
019588378
019588379
019588380
019588381
019588382
019588383
019588384
019588385
019588386
019592263
019592264
019592265
019592266
019592268
019592275
019592277
019592284
019592286
019592287
019592288
019598166
019598167
019598168
019598169
019598170
019598171
019598172
019598173
019598174
019598175
019598176
019598177
019598178
019598179
019605182
019607671
019613004
019613005
019613006
019613007
019613008
019613009
019613010
019613011
019613012
019613013
019613014
019613620
019613626
019613633
019613636
019613637
019613638
019613639
019614940
019614941
019614942
019614943
019614944
019614945
019614946
019614947
019614948
019619898
019619899
019619900
019619901
019619902
019619903
019619904
019619905
019619906
019619907
019619908
019619909
019619910
019619911
019619912
019619913
019619914
019619915
019619916
019619917
019619918
019619919
019619920
019619921
019619922
019619923
019619924
019619925
019619926
019619927
019619928
019619929
019619930
019619931
019619932
019619933
019619934
019619935
019619936
019622856
019622858
019627282
019627299
019627300
019627301
019627302
019627303
019627304
019627305
019627788
019632247
019632248
019632249
019632250
019632251
019632252
019632253
019632254
019632255
019632256
019632257
019632258
019632259
019632260
019632262
019632263
019632264
019632265
019632266
019639384
019639385
019639386
019639387
019639388
019639389
019639390
019639391
019639392
019639393
019639394
019639395
019641275
019641276
019641287
019644982
019644983
019646236
019646237
019646238
019646239
019656654
019656655
019656656
019656657
019656658
019656659
019656660
019659430
019659431
019668627
019668630
019668631
019668634
019668635
019668636
019668637
019668639
019668641
019668642
019668643
019668646
019668647
019668648
019668653
019668654
019668673
019668674
019668675
019668679
019668680
019669298
019669299
019669300
019669303
019669308
019669310
019669311
019669313
019669314
019669315
019669320
019669324
019669327
019669328
019669329
019669330
019669334
019669343
019669352
019669353
019670230
019670231
019670232
019670234
019670235
019670244
019670247
019670253
019670254
019671732
019671733
019671734
019671735
019671736
019671737
019672387
019672391
019672395
019672396
019672406
019672407
019672408
019672409
019672410
019672411
019672412
019672413
019672414
019672415
019672416
019672899
019672900
019672901
019672902
019672903
019672904
019672905
019672906
019672907
019672908
019672909
019672910
019672911
019675481
019675487
019675488
019675489
019675490
019675491
019675492
019675493
019675516
019675517
019676286
019676287
019676288
019676289
019676290
019676316
019676344
019676345
019676346
019676347
019676348
019676349
019676350
019676351
019676352
019676353
019676354
019676355
019676356
019676357
019676358
019676359
019676360
019676361
019676362
019676977
019676978
019676979
019676980
019676981
019676982
019676983
019676984
019676985
019679358
019679359
019679360
019679361
019679362
019679363
019679364
019679365
019679366
019679367
019679368
019679369
019679370
019686017
019686018
019686019
019686020
019686021
019686022
019686023
019686028
019686031
019686032
019686035
019686036
019686037
019686046
019686047
019686048
019686049
019686050
019686051
019687232
019687233
019687234
019687235
019687475
019687476
019687477
019687478
019687479
019687480
019687481
019687482
019687483
019687484
019687485
019687486
019687487
019693195
019693200
019693201
019693203
019693205
019693206
019693207
019693208
019693209
019693215
019693216
019693218
019693219
019693946
019693947
019693948
019693949
019693950
019693951
019693952
019693953
019693954
019693955
019693956
019693960
019693961
019693964
019693966
019694898
019694899
019694900
019698170
019698171
019698172
019698796
019706107
019706108
019706109
019706110
019706111
019706112
019706113
019706114
019706115
019706146
019706147
019706667
019706671
019706711
019706712
019706737
019706738
019706739
019706740
019706741
019706742
019706743
019706744
019706745
019706746
019706747
019706748
019706749
019706750
019706751
019706752
019706753
019707634
019707637
019707645
019708519
019708520
019708540
019708541
019708860
019708861
019708862
019708863
019708864
019708865
019712968
019712969
019712970
019712975
019712976
019712977
019712978
019712979
019712980
019713970
019713984
019713985
019713986
019713988
019713989
019713991
019713997
019713998
019713999
019714000
019714001
019714002
019714003
019714004
019714005
019714006
019714007
019714008
019714009
019714010
019714859
019714860
019714871
019714882
019714911
019714914
019714915
019714916
019714917
019714918
019714930
019715593
019715594
019715595
019715596
019715597
019715598
019715604
019715616
019715619
019715859
019715860
019715861
019715862
019715863
019715886
019715887
019715888
019715889
019715890
019715895
019715896
019722494
019722495
019722496
019723194
019723195
019723196
019723197
019723198
019723199
019723784
019723785
019723786
019723788
019723789
019723790
019723791
019723792
019723794
019723795
019723799
019723974
019723975
019723976
019723978
019723979
019723980
019723981
019723982
019723984
019723985
019723986
019723987
019723988
019724361
019724362
019724363
019724364
019724365
019724366
019724367
019724368
019728010
019728011
019728012
019729381
019729382
019729383
019729384
019729386
019729387
019729388
019729389
019729390
019729391
019729392
019729393
019729395
019729396
019729397
019729398
019729399
019729400
019729401
019729402
019729403
019729404
019729405
019729406
019730065
019730066
019730067
019730068
019733560
019740428
019741142
019741147
019741148
019741149
019741151
019741153
019741154
019741155
019741156
019741157
019741158
019741160
019741163
019741164
019741165
019741166
019742238
019742239
019742240
019742241
019742242
019742243
019742244
019742245
019742246
019742247
019742683
019742686
019742687
019742693
019742694
019742695
019742699
019742700
019742718
019748833
019749472
019749510
019749511
019749512
019749513
019749514
019749515
019749765
019749766
019749767
019749768
019749773
019749774
019749775
019749776
019749777
019749778
019749779
019749780
019749781
019749782
019749783
019749784
019749785
019749786
019749787
019749788
019752852
019755613
019755614
019755615
019755616
019755617
019755618
019755619
019755620
019755621
019761453
019761454
019761455
019761456
019761457
019761458
019761459
019761460
019762657
019762658
019762659
019762660
019762661
019762662
019762663
019762664
019763011
019763012
019763013
019763014
019763015
019763017
019763018
019763019
019763020
019763021
019763022
019763023
019763024
019763025
019763026
019763027
019763445
019767903
019767904
019771824
019774631
019774632
019774633
019774634
019774635
019774636
019774637
019774638
019774639
019774640
019774641
019774642
019774643
019774644
019774646
019774647
019774648
019774649
019774650
019774651
019774652
019774653
019774654
019774655
019774656
019774657
019776531
019776532
019776533
019776534
019776535
019776536
019776537
019776538
019776539
019776540
019776541
019776542
019776543
019776544
019776545
019776546
019776547
019776548
019776549
019776550
019776551
019776552
019776553
019776554
019779049
019779050
019779051
019779052
019779053
019779054
019779055
019779770
019779771
019779772
019779773
019779774
019779775
019779776
019779777
019779778
019779779
019779780
019779781
019779782
019779783
019779784
019779785
019779786
019779787
019779788
019779789
019779790
019779791
019779792
019779793
019779794
019779795
019779796
019779797
019779798
019779973
019779974
019780472
019780473
019781031
019781032
019781033
019781034
019781035
019781036
019781037
019781038
019781039
019781040
019781041
019781042
019781043
019781044
019781045
019781046
019781047
019781048
019781049
019781050
019781890
019781891
019781892
019781893
019781894
019781895
019781896
019782073
019782074
019782075
019782076
019782077
019782078
019782079
019782080
019782081
019782082
019782083
019782084
019782085
019782086
019782087
019782088
019782089
019782090
019782091
019782092
019782093
019783336
019783337
019783338
019783339
019783340
019783341
019783342
019783343
019784791
019784792
019784793
019784794
019784795
019784796
019784797
019784984
019784985
019784986
019784987
019784988
019784989
019784990
019788690
019788691
019788692
019789281
019789282
019789283
019789284
019789285
019789431
019789432
019789433
019789434
019789435
019789436
019789437
019789438
019789439
019794717
019794718
019794719
019794720
019794721
019794722
019794723
019794724
019794725
019797137
019797138
019797139
019797634
019798649
019798650
019798651
019798652
019798653
019798654
019798655
019798656
019798657
019798658
019798659
019798660
019798661
019798662
019798663
019798664
019798665
019798666
019802642
019802643
019802644
019802645
019802646
019802647
019803083
019803084
019804464
019804465
019804466
019804467
019804468
019804469
019804470
019804735
019804736
019804737
019804738
019804739
019804740
019807600
019807602
019807603
019807604
019807605
019807606
019807607
019807608
019807609
019807610
019809107
019809108
019809109
019809110
019809111
019813234
019813235
019813236
019813237
019813238
019813239
019813240
019813241
019813242
019813243
019813246
019813247
019813248
019813249
019813250
019813253
019813254
019813255
019813256
019813257
019813258
019813259
019813260
019813572
019813577
019813581
019813582
019813583
019813584
019813585
019813586
019813587
019813588
019813589
019813590
019813591
019813592
019813593
019813594
019817143
019817145
019817146
019817147
019817148
019817149
019817150
019817872
019817873
019817874
019817875
019817876
019817877
019817878
019817879
019817880
019817881
019817882
019817883
019821382
019821383
019822627
019823333
019823334
019823335
019823336
019823337
019823338
019823339
019823340
019823341
019823342
019823343
019823344
019823345
019823346
019823347
019823348
019823349
019823821
019823822
019823823
019823824
019823825
019823826
019823829
019823830
019823831
019823832
019823833
019823834
019823835
019823841
019827399
019827400
019828679
019828680
019828681
019833074
019833075
019833076
019833077
019833078
019833079
019833080
019833081
019833082
019833083
019833084
019833085
019833086
019833087
019833088
019833089
019833090
019833474
019833475
019833476
019833477
019833478
019833479
019833480
019833481
019833482
019838054
019838055
019838539
019838552
019838553
019838560
019838561
019838562
019838563
019838565
019838568
019838570
019838580
019839267
019839268
019845563
019845564
019845565
019845566
019845567
019845568
019845569
019845570
019845571
019845572
019845573
019845574
019845575
019845576
019845577
019845578
019845579
019845580
019845581
019854215
019854217
019854220
019854221
019854222
019854223
019854224
019854225
019854226
019854227
019854228
019854229
019854230
019854231
019854232
019854233
019854234
019854235
019854236
019854237
019854238
019854239
019854240
019854241
019854242
019854243
019854244
019854245
019854246
019854247
019854248
019854249
019855516
019855522
019855523
019855524
019855525
019855526
019856621
019856622
019856623
019856624
019856625
019857667
019857668
019857669
019857670
019857671
019857672
019857673
019857674
019857675
019857676
019857677
019857678
019857679
019857680
019857681
019857682
019861525
019861526
019861527
019861528
019861529
019861530
019861531
019861532
019861533
019861534
019861535
019861549
019861558
019861559
019861560
019861568
019861569
019861570
019861571
019862470
019862471
019862472
019862512
019862543
019862546
019863309
019863311
019863313
019863314
019863317
019863318
019863320
019863782
019863783
019863784
019863785
019863786
019863787
019863788
019870201
019870202
019870203
019870204
019870205
019870206
019870207
019874680
019874681
019875546
019875547
019879339
019879340
019879341
019879342
019879343
019879344
019879345
019885132
019885133
019885134
019885135
019889220
019889221
019889222
019889223
019889224
019889225
019889226
019892058
019892059
019892060
019895494
019895495
019895509
019904505
019906430
019906431
019906432
019906433
019906434
019906435
019906436
019906437
019906438
019923055
019923056
019923057
019923058
019923059
019923060
019923061
019923508
019923509
019923510
019923511
019923512
019923513
019923514
019923515
019923516
019923517
019923518
019923519
019923520
019924181
019924182
019924183
019924184
019924187
019924188
019924192
019924200
019924201
019924202
019924203
019924204
019924205
019924206
019925127
019925128
019925129
019925130
019925131
019925132
019925133
019925134
019925135
019925136
019925137
019925138
019925139
019925140
019925141
019925142
019925143
019925144
019925145
019925146
019925147
019925148
019925149
019925150
019926129
019926130
019926151
019926152
019926153
019926154
019926173
019926189
019926190
019926191
019926192
019926613
019926614
019926615
019926616
019926617
019926618
019926619
019926620
019926621
019926622
019932013
019932017
019932018
019932019
019932020
019932021
019932604
019933190
019934875
019934876
019934877
019934878
019934879
019934880
019934886
019934887
019934888
019934889
019934890
019942052
019942053
019942054
019942055
019942742
019942743
019942744
019942750
019942752
019942754
019942757
019942758
019942761
019942764
019944413
019944414
019944415
019944416
019955161
019955162
019955163
019955164
019955165
019955166
019955168
019955169
019955170
019955171
019955172
019955173
019955174
019955175
019956745
019956746
019956747
019956748
019956749
019956750
019956751
019956752
019956753
019956754
019956755
019956756
019956757
019956758
019956759
019958018
019958019
019958020
019958021
019963013
019963014
019963015
019963016
019963017
019963018
019963019
019963021
019963022
019963023
019968934
019968935
019968936
019968937
019968938
019968939
019968940
019968941
019968942
019968943
019975236
019975252
019975258
019975260
019975586
019975589
019975592
019975593
019976052
019976053
019976054
019976064
019976065
019976066
019976067
019976068
019976069
019976070
019976071
019976072
019976073
019976074
019976075
019976076
019979822
019980438
019981231
019981232
019981233
019981234
019981235
019981237
019981238
019981302
019981303
019981304
019981305
019981306
019981307
019981308
019981309
019987083
019987084
019987085
019987086
019987087
019987088
019987089
019987090
019987111
019987112
019987113
019987115
019987116
019988648
019988652
019988653
019988669
019988670
019988671
019988672
019988673
019992540
019992541
019992542
019992543
019992557
019992564
019992565
019992566
019992567
019992568
019992569
019992570
019992571
019992572
019992573
019992574
019992575
019993097
019993098
019993100
019993101
019993102
019993103
019993104
019994038
019994039
019994040
019994041
019994042
019994043
020196603
020196604
020196605
020196606
020196607
020196608
020197441
020197442
020199406
020199705
020199706
020199707
020199708
020199709
020199710
020199711
020199712
020199713
020199714
020199917
020199919
020199920
020199921
020199922
020199923
020199924
020199925
020199926
020199927
020199928
020199929
020200455
020206241
020206242
020206243
020206244
020206863
020206864
020206865
020206871
020206877
020206878
020206879
020206880
020206881
020206882
020206883
020206884
020206885
020206886
020206887
020206888
020206889
020206890
020206891
020206892
020206893
020206894
020206895
020206896
020212928
020212929
020212930
020212931
020212932
020212933
020212934
020212935
020212936
020212937
020212938
020212939
020212940
020212941
020212942
020212943
020212944
020212945
020212946
020212947
020212948
020212949
020212950
020213272
020213273
020213274
020213275
020213276
020213277
020213278
020213279
020213280
020213281
020213282
020213283
020213284
020213285
020213286
020213287
020213288
020213289
020213290
020213291
020213292
020213293
020213294
020213295
020213296
020214022
020214023
020214024
020214025
020214026
020216323
020216324
020216325
020216326
020216327
020220960
020220961
020220962
020220963
020220964
020220965
020220966
020220967
020222217
020222219
020222220
020222226
020222227
020222230
020222231
020222232
020222233
020222234
020223730
020223731
020223732
020223734
020223735
020223736
020223737
020223738
020223739
020223740
020223741
020227465
020227466
020227467
020227468
020227469
020227470
020227471
020227472
020227473
020227474
020227475
020227476
020227477
020227478
020227479
020227480
020245621
020245622
020245623
020245624
020245625
020245626
020245627
020245628
020245629
020245630
020245631
020245632
020245633
020245634
020245635
020245636
020245637
020245638
020245639
020245640
020245641
020245642
020245643
020245644
020245645
020245646
020245647
020245648
020245649
020245650
020245651
020245652
020245653
020245654
020253913
020253914
020254377
020254378
020254379
020255368
020255369
020255416
020255417
020255418
020255419
020255420
020263502
020263503
020263504
020263505
020263506
020263507
020263508
020263509
020263510
020263511
020263512
020263513
020263514
020263515
020263516
020263517
020263518
020263519
020263520
020263521
020263522
020263523
020263524
020263525
020263526
020263527
020263528
020263529
020263530
020263531
020263532
020263533
020263534
020263535
020263536
020263537
020263538
020263539
020263540
020263541
020263976
020263977
020263978
020263979
020263980
020269247
020269248
020269249
020269250
020269251
020269252
020269253
020269254
020269255
020269256
020269257
020269258
020269259
020270199
020270200
020270201
020270202
020270203
020270204
020270207
020270208
020270211
020270214
020270218
020270219
020270223
020270225
020270226
020270248
020270250
020270280
020270281
020270284
020270294
020270295
020270296
020270297
020270298
020270299
020270300
020270301
020270302
020270303
020270304
020270305
020270306
020270307
020270308
020270309
020270310
020270311
020270312
020270313
020270314
020270315
020270649
020270650
020270651
020270652
020270653
020270654
020270655
020270656
020270657
020270658
020270659
020270660
020274364
020274365
020274366
020274367
020274368
020274369
020274370
020274371
020274372
020274373
020274374
020274375
020274376
020274377
020274378
020274379
020274380
020274381
020274382
020274383
020274384
020274385
020275083
020275084
020275085
020275086
020275087
020275088
020275089
020275090
020275091
020275092
020275093
020275095
020275096
020275097
020275099
020275100
020275102
020275103
020275104
020275105
020275106
020275107
020275108
020275109
020275110
020275111
020275787
020275788
020275789
020275790
020275791
020275792
020278568
020278569
020278570
020278576
020278581
020278582
020278583
020278584
020278592
020278599
020278600
020278601
020278602
020278603
020278604
020278605
020278883
020278884
020278885
020278886
020278887
020278888
020278889
020278890
020278891
020278892
020278893
020285799
020285800
020285802
020285803
020285806
020285808
020285809
020285810
020285812
020287809
020287810
020287812
020287813
020287814
020287815
020287816
020287817
020287819
020287824
020287830
020287831
020287832
020287833
020287834
020287835
020287836
020287837
020287838
020287839
020287840
020287841
020287842
020287843
020287844
020287845
020287846
020287847
020287850
020287851
020287852
020287853
020287854
020287856
020287857
020287858
020287861
020287862
020287863
020287864
020287865
020287866
020287867
020287868
020287869
020287870
020287880
020287881
020287882
020287883
020287885
020287888
020287889
020287890
020287891
020287894
020287895
020287896
020287897
020287901
020287902
020287903
020287917
020287918
020288096
020288099
020288106
020288109
020288110
020288111
020288112
020288117
020288126
020288127
020288128
020288129
020288130
020288131
020288132
020288133
020288134
020288135
020288136
020288137
020288138
020288139
020288140
020288141
020288142
020288143
020288144
020288145
020288146
020288147
020288148
020288149
020288150
020288151
020288152
020288153
020288154
020288155
020288156
020288157
020288158
020288159
020288160
020288161
020288162
020288163
020288164
020288165
020288166
020288167
020288168
020288169
020288170
020288171
020288172
020292843
020292844
020292845
020292846
020292847
020292848
020292849
020292850
020292851
020292852
020292853
020292854
020292855
020292856
020292857
020292858
020292859
020292881
020292882
020292884
020292888
020292893
020292894
020292899
020292913
020292925
020292926
020292927
020292928
020292929
020295324
020296688
020296689
020296690
020296775
020296776
020296777
020301344
020301345
020301346
020309721
020309722
020314148
020314149
020314150
020314151
020314152
020314153
020314154
020314155
020314156
020314157
020314158
020314159
020314160
020314161
020314162
020314163
020314164
020314165
020314166
020314167
020314168
020314169
020314170
020314171
020314172
020314173
020314175
020314180
020314264
020314265
020314270
020314273
020317729
020318640
020318641
020318642
020318643
020318644
020318645
020318646
020318647
020318648
020318649
020318650
020318651
020318652
020318653
020318654
020318655
020318656
020318657
020318658
020318659
020318660
020318661
020318662
020318796
020318797
020318798
020319694
020319695
020319696
020319697
020319698
020319699
020319700
020319714
020319715
020319716
020319717
020319726
020319727
020319728
020319744
020319745
020320066
020320067
020320068
020320069
020324293
020324294
020324295
020324296
020324297
020324298
020324299
020324300
020324301
020324302
020324303
020324305
020324306
020324307
020324611
020324613
020324618
020324619
020324620
020324621
020324622
020324623
020324624
020325135
020325144
020325150
020325152
020325153
020325155
020325163
020325164
020325165
020325167
020325168
020325169
020325170
020325171
020325172
020325173
020325174
020325175
020325176
020325177
020325178
020325179
020325180
020325181
020325184
020331470
020331471
020331472
020331473
020331474
020331475
020331476
020331477
020331478
020331479
020331480
020331481
020331482
020331483
020331484
020331485
020331486
020331487
020331488
020331512
020331513
020331575
020331576
020331577
020331578
020331579
020331580
020331581
020331582
020331583
020331584
020338492
020338494
020338499
020338501
020338504
020338514
020338588
020338592
020338594
020338598
020338600
020338606
020338609
020338612
020338615
020338616
020338617
020338618
020338619
020338620
020338621
020338622
020338623
020338678
020338679
020338680
020338681
020338682
020338683
020338684
020338685
020338686
020338687
020338688
020338689
020338690
020343622
020343623
020343624
020343625
020343626
020343627
020343628
020343629
020343630
020346245
020346246
020346247
020347139
020347140
020347141
020347142
020347143
020347151
020347152
020347153
020347154
020347155
020347156
020347157
020347158
020347159
020347160
020347161
020347162
020347163
020347164
020347165
020347166
020347974
020352841
020352842
020352843
020352844
020352845
020352846
020352847
020352849
020352850
020352851
020352852
020352853
020352856
020352859
020352860
020352864
020352866
020353846
020353847
020354816
020354817
020354818
020354819
020354820
020354821
020354836
020354889
020360895
020360907
020360908
020360909
020360910
020360911
020360912
020360913
020360914
020360915
020360916
020364991
020364992
020364993
020364994
020364995
020364996
020364997
020364998
020364999
020365000
020365001
020368522
020368523
020368524
020368525
020368526
020369021
020369022
020369023
020369024
020369025
020369027
020369030
020369033
020369034
020369035
020369036
020369037
020369038
020369039
020369040
020369041
020369042
020369043
020369044
020369045
020369046
020369047
020369048
020369049
020369050
020369051
020369052
020369053
020369054
020369055
020369056
020369057
020369058
020369059
020369060
020369061
020369062
020369063
020369064
020369065
020369066
020369067
020369068
020369069
020369070
020369071
020369072
020369073
020369075
020369076
020369077
020369078
020369079
020369080
020369081
020369082
020369083
020373786
020373787
020373788
020373789
020373790
020373791
020373792
020373793
020373794
020373795
020373796
020373797
020373798
020376672
020376673
020376674
020376675
020376676
020376677
020376678
020376679
020376680
020376681
020376682
020376683
020376684
020383519
020383520
020383521
020383522
020383523
020383524
020383525
020383526
020383527
020383528
020384348
020384350
020384356
020384357
020384360
020384361
020384362
020384363
020384368
020388823
020388826
020388827
020391366
020391372
020391373
020391375
020391377
020391378
020391379
020391380
020391381
020391382
020391383
020391384
020391385
020391386
020391387
020391388
020391389
020391390
020391391
020391392
020391393
020391394
020391395
020391396
020391397
020391398
020391399
020391400
020391401
020391402
020391403
020391404
020391406
020391407
020391408
020391409
020391410
020391411
020391412
020391413
020391415
020399272
020399961
020399965
020399966
020399973
020399976
020399977
020399980
020399982
020399986
020399991
020399993
020399996
020399997
020399998
020400000
020400001
020400002
020400004
020400005
020406099
020406100
020406101
020406102
020406103
020406104
020413905
020414915
020414916
020414917
020414918
020414919
020414921
020415834
020415835
020415836
020415837
020415838
020415839
020415840
020415842
020415843
020416867
020416868
020416869
020416870
020416871
020416872
020416873
020416874
020416875
020416876
020416877
020416878
020416879
020416880
020416881
020416882
020416883
020416884
020416885
020416886
020416887
020416888
020416889
020416890
020416891
020416892
020416893
020416894
020416895
020416896
020416897
020416898
020416899
020416900
020416901
020416902
020416903
020416904
020416905
020416906
020416907
020416908
020416909
020416910
020416911
020416912
020416913
020416914
020421714
020421721
020421722
020421725
020421730
020421731
020421732
020421733
020421734
020421735
020421736
020421737
020421738
020421739
020422893
020422894
020422895
020422896
020422897
020423397
020423398
020423399
020423400
020423401
020423403
020423404
020423405
020423406
020423407
020423408
020423409
020423410
020423411
020423412
020426702
020426703
020426704
020426705
020426706
020426707
020426708
020426709
020426710
020426711
020426712
020427181
020427182
020427183
020427184
020427185
020427186
020427187
020427188
020427189
020427190
020427191
020430243
020430244
020430245
020430246
020430247
020430248
020430249
020430250
020430251
020430252
020430253
020434843
020434846
020434848
020434849
020434850
020434854
020434856
020434859
020434860
020435869
020435870
020435871
020435872
020435873
020435874
020435875
020435876
020435877
020435878
020435879
020435908
020435909
020435910
020435911
020435912
020435913
020435914
020435915
020435916
020435917
020441164
020441165
020441166
020441167
020441168
020441169
020441170
020441171
020441172
020447012
020447622
020447623
020447624
020447625
020447626
020447627
020447628
020447629
020447630
020447631
020447632
020447633
020447634
020447635
020447636
020447637
020447638
020447639
020447640
020448166
020448176
020448528
020448529
020449008
020449009
020449013
020449014
020449015
020449017
020449018
020449023
020449031
020449032
020449033
020453308
020453309
020453310
020453334
020453335
020453337
020453338
020453339
020453342
020453343
020453344
020453345
020453346
020453347
020465566
020465567
020465568
020465569
020465570
020465571
020465572
020465573
020465574
020465577
020469177
020469178
020469179
020469180
020476471
020476472
020476474
020476475
020476477
020476480
020476483
020476485
020476486
020476487
020476488
020476489
020476490
020476491
020476492
020476493
020476494
020476495
020476496
020476497
020476498
020476499
020476500
020479678
020479679
020479680
020479681
020479682
020479683
020479684
020479798
020479799
020479800
020479801
020479802
020479803
020479804
020479806
020480340
020480341
020480342
020480348
020480351
020480355
020480356
020480357
020480359
020480361
020480362
020480364
020480365
020480366
020480367
020480368
020480369
020480370
020480371
020480372
020480373
020480377
020480378
020486240
020486241
020486242
020486243
020491022
020491023
020491024
020491025
020491028
020491030
020491031
020491033
020491036
020491037
020491038
020491039
020491040
020491041
020491042
020491043
020491044
020491045
020491046
020491047
020491048
020491049
020491050
020491051
020491052
020491053
020491054
020491055
020491056
020491057
020491058
020491059
020491060
020491061
020491062
020491064
020492911
020492912
020492913
020492914
020492915
020494154
020494156
020494157
020494158
020494159
020494161
020494162
020494163
020494164
020494165
020494166
020494172
020494173
020494174
020494175
020494176
020498161
020498710
020498711
020498714
020498715
020499438
020499441
020499446
020499447
020499448
020499449
020500075
020507780
020507781
020507782
020507783
020507785
020507786
020507787
020507788
020507789
020507790
020507831
020507832
020507833
020507834
020521336
020521337
020521361
020521362
020521363
020521365
020521366
020521367
020521371
020521373
020521374
020521384
020521386
020521387
020521388
020521389
020521390
020521391
020521392
020521393
020521396
020521397
020521399
020521400
020521401
020521402
020521403
020521404
020521405
020521406
020521407
020521408
020521409
020521410
020521411
020522121
020522773
020522774
020522775
020522776
020522777
020522778
020522779
020522780
020522781
020522782
020522783
020522784
020522785
020522786
020522787
020522788
020522789
020522790
020522791
020522792
020522793
020522794
020522795
020522796
020522797
020522798
020522800
020522801
020522802
020522808
020522809
020522810
020522811
020522812
020522813
020522814
020522815
020524388
020524389
020524390
020524391
020524392
020524393
020524394
020524395
020524396
020524397
020524398
020524399
020524400
020524401
020524402
020524403
020524404
020529087
020529088
020529089
020529090
020529091
020529092
020529093
020529094
020529095
020529096
020529097
020529098
020529099
020529100
020529101
020529102
020529103
020529104
020529105
020529106
020529107
020529108
020531412
020531413
020531414
020531415
020531416
020531417
020531418
020531419
020531420
020531421
020531422
020531423
020531424
020531425
020531426
020531427
020531428
020531429
020531430
020531431
020531432
020531433
020531434
020531435
020531436
020531437
020531438
020531440
020531441
020531442
020531443
020531444
020531445
020531447
020531448
020531449
020531453
020537193
020537194
020537195
020537196
020537197
020537198
020537199
020541005
020541520
020541543
020541544
020541545
020541546
020541547
020541548
020541549
020541550
020541551
020541552
020541553
020541554
020547840
020547841
020547842
020547843
020547844
020547845
020547846
020547847
020547848
020548832
020548833
020548834
020548835
020548836
020548837
020548838
020548839
020548840
020548841
020548842
020548843
020548844
020548845
020549169
020549170
020549171
020550356
020550357
020550358
020550359
020550360
020550361
020550362
020550363
020550364
020550365
020550366
020550367
020550368
020550369
020554482
020554483
020554484
020554485
020554486
020554487
020554488
020554489
020554490
020554491
020554492
020554493
020556426
020556427
020556428
020556429
020556430
020556431
020556432
020556433
020556434
020556435
020556436
020556437
020556438
020556439
020556440
020556441
020556442
020556443
020556444
020556445
020556446
020557122
020557123
020557124
020557125
020557126
020557127
020557128
020557129
020557130
020557131
020557132
020557133
020557134
020557135
020557136
020557684
020557685
020561338
020561339
020561340
020561341
020561342
020561343
020561344
020561345
020561759
020561760
020561766
020561767
020561768
020561769
020561771
020561773
020567374
020567375
020567376
020567377
020567948
020567953
020567954
020567955
020567956
020567957
020568739
020568740
020568741
020570801
020570802
020570803
020570804
020579498
020579499
020579500
020579501
020579502
020579503
020579504
020579505
020579506
020579507
020579548
018878228
018887563
018887564
018887565
018887566
018887567
018887568
018887569
018887570
018887571
018887572
018913779
018913780
018913781
018913782
018913783
018925369
018925370
018925371
018925389
018925390
018925391
018925392
018929503
018929504
018929505
018929506
018929507
018929511
018929512
018929513
018929514
018929515
018929516
018929517
018929518
018929519
018929520
018929534
018929535
018990904
018990910
018990912
018990917
019003357
019003358
019003359
019004582
019004583
019004584
019004585
019004586
019004587
019004588
019004589
019004590
019004860
019004861
019004862
019004863
019004864
019004874
019004881
019004882
019004883
019004884
019004885
019004886
019004887
019004889
019004890
019004891
019015316
019015317
019015318
019015319
019016353
019016357
019016977
019016978
019016979
019016980
019022621
019022622
019022623
019022624
019022625
019022628
019022629
019022630
019022631
019022632
019023103
019023104
019023105
019023106
019023107
019025051
019025052
019025053
019025054
019030672
019030673
019030674
019030675
019030676
019030677
019031069
019031070
019031071
019031072
019031073
019031074
019031075
019031076
019045148
019045172
019045173
019045174
019045175
019045176
019046379
019046380
019046382
019046383
019046384
019046428
019046429
019046973
019046977
019046978
019046983
019046984
019047025
019047026
019047030
019047095
019047130
019047136
019047137
019052692
019052698
019052699
019052700
019052711
019052712
019053343
019053344
019053345
019053346
019053347
019053368
019053370
019060613
019060614
019060620
019060621
019060622
019060628
019060629
019060630
019060632
019060633
019060634
019060650
019060653
019060661
019060662
019065886
019065895
019065898
019065921
019065923
019065924
019065929
019065932
019065934
019065935
019065936
019065937
019066438
019066443
019066449
019066453
019066464
019075924
019078456
019084795
019084796
019084797
019084798
019084802
019084804
019084805
019084806
019084807
019084808
019084809
019084810
019084811
019084812
019091584
019091585
019091586
019091587
019091588
019091589
019091590
019093879
019094405
019094408
019094420
019094439
019094447
019099754
019099755
019099756
019099757
019099759
019099760
019099762
019099763
019100457
019100458
019100459
019100467
019100479
019100480
019100481
019100520
019100521
019100524
019100525
019101532
019110046
019110047
019110048
019110049
019110050
019111407
019112273
019112274
019112275
019112276
019112277
019112311
019121053
019121054
019121055
019121448
019127467
019127468
019127469
019127470
019130050
019130051
019136527
019136529
019136541
019136543
019136544
019136547
019136549
019136550
019136551
019136552
019136553
019136554
019138091
019139715
019139742
019139753
019139754
019139755
019139756
019139757
019139758
019149065
019149066
019149067
019149068
019149069
019149070
019149071
019149072
019149073
019149074
019153913
019153915
019153916
019153917
019153918
019153919
019153920
019153921
019153923
019153925
019154753
019154754
019154755
019154794
019154795
019154796
019154797
019154798
019154799
019154800
019154801
019154802
019154803
019154804
019154805
019154806
019154807
019154808
019154809
019154810
019154812
019154813
019154814
019154815
019154816
019154817
019154818
019171323
019171324
019171325
019171361
019171362
019171363
019171364
019171365
019171366
019171367
019171368
019171369
019172679
019172680
019172685
019172686
019172687
019172688
019172689
019172690
019172691
019177420
019177421
019177422
019183043
019184114
019184115
019184116
019184117
019184118
019184907
019184908
019184909
019184910
019184911
019184912
019184913
019184914
019184915
019191758
019191759
019191760
019191761
019191762
019191763
019191764
019191765
019191766
019191767
019191768
019191769
019192614
019192615
019192616
019192617
019192618
019192619
019192620
019192621
019192622
019192623
019192624
019192625
019192626
019192627
019192628
019192629
019192630
019192631
019192632
019192633
019193600
019193601
019193603
019193605
019193606
019193610
019193611
019193612
019193616
019193618
019193647
019193651
019193666
019193667
019193668
019193669
019193670
019193671
019193672
019193673
019195406
019195407
019195408
019195409
019195410
019195411
019195412
019195413
019195414
019195415
019195416
019195417
019195418
019195419
019195420
019195421
019195666
019195667
019195668
019195669
019195670
019195671
019195672
019195673
019195674
019195675
019195676
019195677
019195678
019195679
019195680
019195681
019199977
020582459
020584035
020584038
020584176
020584177
020584178
020584179
020584180
020584181
020584182
020584183
020584184
020584185
020584186
020584187
020584188
020584189
020584190
020584191
020584192
020584193
020584194
020584195
020584196
020584218
020584219
020584220
020584221
020584222
020584223
020584224
020584225
020584226
020584227
020584228
020584229
020584230
020584231
020584232
020584233
020584234
020584235
020589302
020589303
020589304
020589317
020589318
020589319
020589320
020589321
020589322
020620607
020620608
020620609
020620612
020620615
020620616
020620617
020620620
020620622
020620629
020620632
020620639
020620640
020620643
020620648
020620653
020620654
020620656
020620657
020620658
020620659
020620660
020620661
020620662
020620663
020620664
020620665
020620666
020620667
020620668
020620669
020620670
020626344
020626345
020626346
020626347
020626348
020626349
020637922
020638358
020638359
020638360
020639752
020639754
020639755
020639756
020639758
020639759
020639764
020639765
020639766
020639767
020639768
020639769
020639770
020639771
020639772
020639773
020639774
020639775
020639776
020639777
020639778
020639779
020639780
020639781
020639782
020639783
020639784
020639785
020639786
020639787
020639788
020639789
020639790
020639792
020639830
020639831
020639834
020639847
020639848
020639849
020639850
020639852
020639853
020639855
020639856
020639857
020639860
020639869
020639871
020639874
020639875
020639876
020639877
020639878
020639879
020639880
020639881
020639882
020639883
020639884
020639885
020639886
020639887
020639888
020639889
020639890
020639891
020639892
020639893
020639894
020639895
020639896
020640026
020640306
020640307
020640308
020640309
020640310
020640311
020640312
020640313
020640314
020643139
020643140
020643141
020643142
020643143
020649767
020649772
020649773
020649774
020649775
020649776
020649778
020649786
020649804
020649806
020649808
020649810
020649813
020649814
020649818
020649831
020649837
020649838
020649839
020649843
020650830
020650831
020650832
020650833
020650834
020650835
020650836
020650837
020650838
020650839
020652250
020652251
020656504
020656505
020656506
020657057
020657069
020657075
020657077
020657078
020657079
020657080
020657081
020657082
020657083
020657084
020657085
020657086
020657087
020657088
020657208
020657210
020657215
020657217
020657221
020657223
020661993
020661994
020661995
020661996
020661997
020666076
020666077
020666078
020666080
020666083
020666084
020666085
020666088
020666089
020666090
020666091
020666092
020666093
020666095
020666096
020666097
020672512
020672513
020672514
020672515
020672516
020672517
020672518
020672519
020672520
020672521
020672522
020672523
020672524
020672525
020672893
020672894
020672895
020672896
020672897
020672898
020672899
020672900
020672901
020674609
020674610
020674611
020674612
020674613
020674614
020674615
020674616
020674617
020674618
020674619
020674620
020674621
020674622
020674989
020674992
020674993
020674994
020674999
020675010
020675011
020675012
020675013
020675014
020675015
020675016
020675017
020675018
020675019
020675020
020675021
020675022
020675023
020675024
020675025
020675026
020675027
020675028
020675029
020675030
020679207
020679208
020679209
020679210
020679211
020679212
020679213
020679214
020679215
020679216
020679217
020679218
020679219
020679220
020679221
020679222
020679223
020679224
020679225
020679226
020679227
020679228
020679229
020679230
020679231
020679232
020679233
020679234
020679235
020679236
020679833
020679834
020679835
020679836
020679837
020679838
020679839
020679840
020679841
020679842
020679843
020679844
020679845
020679846
020679847
020679848
020679849
020679850
020679851
020679852
020679863
020679866
020679870
020679873
020679880
020679881
020679883
020679884
020679885
020679886
020679887
020679915
020679916
020679917
020679918
020681268
020681269
020681270
020681271
020681272
020681273
020681274
020681275
020681276
020681277
020681279
020681280
020681281
020681282
020681283
020681285
020687896
020687897
020687898
020687899
020687900
020687901
020687902
020687903
020687904
020687905
020692526
020692527
020692528
020694612
020694613
020694614
020694615
020695676
020695677
020695678
020695679
020695680
020695685
020695686
020695688
020695690
020695691
020695692
020695693
020695694
020695695
020695696
020695697
020695698
020695699
020695700
020695701
020706592
020706593
020706594
020706595
020706600
020706604
020706605
020706606
020706607
020706608
020706609
020706611
020706612
020706618
020706619
020706621
020706622
020706624
020706625
020706629
020706630
020706631
020706632
020706633
020707282
020707286
020707287
020707296
020707297
020707298
020707299
020707300
020707301
020707302
020707303
020707304
020707305
020707306
020713154
020713156
020713619
020713620
020713621
020713622
020713623
020713624
020713625
020713626
020713627
020713628
020713629
020713630
020713631
020713632
020713633
020713634
020713635
020713636
020713637
020713638
020713639
020713640
020713641
020713642
020713643
020713644
020713645
020713646
020713647
020713648
020713649
020718199
020718200
020718201
020720651
020720652
020720653
020720654
020720655
020720656
020720657
020720658
020720659
020720660
020720661
020720662
020720663
020720665
020720666
020720895
020720897
020720905
020720907
020721376
020721377
020721378
020727334
020727335
020727360
020727361
020727362
020727363
020727364
020727365
020727366
020727367
020727368
020727369
020727370
020727371
020727372
020727373
020734225
020734226
020734227
020735468
020735469
020735470
020735512
020735513
020735514
020735515
020735517
020735518
020735523
020735525
020735526
020735604
020735605
020735606
020735607
020735608
020740907
020740909
020743104
020743105
020743106
020743107
020743108
020743109
020743110
020743111
020743112
020743113
020743114
020743115
020743116
020743117
020743118
020743119
020743120
020743121
020743122
020743123
020743124
020743125
020743126
020743127
020749455
020749460
020749461
020749464
020749465
020749468
020749470
020749471
020749473
020775686
020775687
020776956
020776972
020776980
020776990
020777006
020783271
020788488
020788490
020788491
020788492
020788493
020788494
020788495
020788496
020788497
020788498
020796708
020796709
020796710
020796711
020796712
020796713
020796714
020796715
020796716
020796718
020796719
020796720
020796722
020796723
020796724
020796725
020796726
020796727
020796728
020799023
020799024
020799025
020799028
020799029
020799030
020799031
020799032
020799033
020799034
020799035
020799036
020799037
020799038
020799039
020799040
020799041
020799042
020799043
020799044
020804546
020804548
020804549
020804551
020810483
020810484
020810485
020810496
020810497
020810500
020810502
020810506
020810507
020810512
020810518
020810520
020810521
020810522
020810523
020810524
020810525
020810526
020810527
020810528
020810529
020810530
020810531
020810532
020810533
020810534
020810535
020810536
020810537
020810538
020810539
020810540
020810541
020810542
020810543
020810544
020810545
020810546
020810547
020810548
020810549
020810550
020815390
020815391
020815392
020815393
020815394
020815395
020815396
020815397
020815398
020815399
020815400
020815401
020815402
020815403
020815404
020815405
020815407
020815408
020815409
020815410
020815411
020815412
020815413
020815414
020815415
020815416
020815417
020815418
020815419
020815420
020815421
020815422
020815423
020815424
020815425
020815426
020815427
020815428
020815429
020815430
020815433
020815436
020815439
020815440
020815441
020815442
020815443
020815444
020815445
020815446
020815447
020815448
020815449
020815450
020815451
020815452
020815453
020815454
020815455
020815456
020815457
020815458
020815459
020815460
020815461
020815462
020815463
020815464
020815465
020815466
020815467
020815468
020815469
020815470
020815471
020815472
020815473
020815474
020815475
020815476
020815477
020815478
020815479
020815480
020815481
020815482
020815817
020815818
020815819
020815820
020815821
020815822
020815823
020815824
020815825
020815826
020815827
020815828
020815829
020815830
020815831
020815832
020819211
020819212
020819213
020819214
020819215
020819216
020819217
020819218
020819219
020819220
020819221
020819222
020819223
020819224
020819225
020821797
020821798
020821799
020821800
020821801
020821802
020821803
020821804
020821806
020821809
020821810
020821811
020821812
020821813
020821814
020825266
020825267
020825268
020825269
020825270
020825271
020825272
020825273
020825274
020825275
020825276
020825277
020825278
020825279
020825280
020825281
020825282
020825283
020829375
020829376
020829377
020829379
020829384
020829385
020829388
020829390
020829393
020829394
020829395
020829396
020829397
020829398
020829399
020829400
020829401
020829402
020829403
020829404
020829405
020829406
020834334
020834335
020834336
020834337
020834914
020834915
020834916
020834917
020834918
020834919
020834920
020834921
020834922
020834923
020834924
020834925
020834926
020834927
020834928
020834929
020834930
020834931
020836204
020836205
020836206
020836207
020836208
020836209
020836210
020836211
020836212
020836213
020836214
020836215
020836216
020836217
020836218
020836219
020836220
020836221
020836222
020836223
020836224
020836225
020836226
020836255
020836263
020836264
020836265
020836266
020836267
020836269
020836270
020836271
020836272
020836273
020836274
020836275
020836617
020836618
020836619
020836620
020863275
020863276
020863277
020863278
020863279
020863280
020863281
020863282
020863283
020863284
020863285
020863286
020863292
020863319
020864018
020864021
020864025
020864065
020864066
020864067
020864068
020864069
020864917
020864918
020864919
020864920
020864921
020864922
020864923
020864924
020864925
020864926
020864927
020864928
020864929
020864930
020864931
020864932
020864933
020864937
020864938
020864940
020864941
020864990
020864991
020864994
020864995
020872256
020872257
020872258
020872260
020872261
020872262
020872264
020872266
020872267
020872268
020872269
020879458
020879469
020881195
020881196
020881197
020881252
020881253
020881254
020881255
020881256
020881257
020881258
020881259
020881260
020881261
020881262
020881263
020881264
020881265
020881267
020881271
020881273
020881870
020881871
020881872
020881873
020881874
020881875
020881876
020881877
020881878
020881879
020881880
020881881
020881882
020881883
020881884
020881885
020881886
020934087
020936916
020936917
020936918
020936919
020936920
020936921
020936922
020936923
020936924
020936925
020936926
020936927
020936928
020936929
020936930
020936931
020937371
020937372
020937373
020947389
020947390
020947391
020947392
020947402
020947403
020947404
020947405
020947406
020947409
020947410
020947411
020947412
020947413
020947415
020947417
020947418
020947419
020947420
020947421
020948465
020948466
020948467
020948468
020948469
020948470
020948471
020948472
020953859
020953860
020953862
020953864
020953871
020953872
020955729
020955730
020955731
020955732
020955737
020955738
020955739
020955740
020955741
020955742
020955746
020955747
020955749
020955752
020955753
020955754
020955755
020955756
020955757
020955758
020956161
020956162
020956163
020956164
020956165
020956166
020956167
020956168
020956169
020956170
020956171
020956172
020956173
020956174
020956175
020956176
020956177
020956178
020962992
020962993
020962994
020962995
020962996
020962997
020962998
020962999
020963000
020963001
020963002
020963003
020963004
020963005
020963006
020963007
020963008
020963009
020963186
020963192
020963199
020963200
020963202
020963210
020963217
020963223
020963225
020963231
020963232
020963246
020963252
020963254
020963255
020963256
020963257
020963258
020963259
020963260
020963261
020963262
020963263
020963264
020963265
020963266
020963267
020963268
020963269
020963270
020963271
020963272
020963273
020963274
020963275
020963276
020963277
020963278
020964584
020964585
020964586
020964587
020964588
020964589
020964590
020964591
020964592
020964593
020964594
020964595
020964596
020964597
020968682
020968683
020968684
020968685
020968686
020968687
020968688
020968689
020968690
020970794
020970810
020970811
020970812
020970813
020970816
020974722
020981702
020981703
020981704
020981705
020981706
020981708
020981710
020981714
020981719
020981723
020981731
020981732
020981733
020981734
020981735
020981736
020981737
020986921
020986922
020986923
020986924
020986931
020986935
020986939
020987456
020987464
020987482
020987485
020987488
020987489
020987490
020987492
020987493
020987494
020987495
020987496
020987497
020987498
020987499
020988371
020988372
020988373
020988374
020988375
020988376
020988377
020988378
020988379
020988380
020988381
020988382
020988383
020988384
020988385
020988386
020988387
020988388
020988389
020988390
020988391
020988392
020988393
020988792
020988793
020988794
020988795
020988796
020988797
020988798
020993803
020995283
020995284
020995285
020995286
020995288
020995290
020996436
020996437
020996438
020996439
020996440
020996441
020996442
020996443
020996444
020996445
020996446
020996447
020996448
020996449
020996450
020996451
020996452
020996453
020996454
020996455
020996456
021002584
021002585
021002587
021002588
021002597
021002598
021002599
021002600
021002601
021002602
021002603
021002606
021002608
021002609
021002612
021002613
021002614
021002615
021004231
021004232
021004233
021004234
021004235
021004236
021004237
021004238
021008614
021008615
021008616
021008617
021008618
021008619
021008620
021008621
021008622
021008623
021008624
021008625
021008626
021008627
021008628
021008629
021008630
021008631
021008632
021008633
021008634
021008635
021008636
021008637
021008638
021008639
021008640
021008641
021008642
021008643
021008644
021012775
021012776
021012777
021012778
021012779
021012780
021013512
021013513
021013514
021013515
021013516
021013517
021013518
021013519
021013520
021013521
021013522
021013523
021013524
021013525
021013526
021013527
021013528
021013529
021013530
021013531
021013532
021013533
021013534
021013535
021013536
021013537
021013538
021013539
021013540
021013541
021013947
021013948
021013949
021013950
021013951
021013952
021013953
021013954
021013955
021013956
021013957
021018499
021018500
021018501
021018502
021018503
021018504
021018505
021018506
021018507
021021098
021021099
021021100
021021101
021021102
021021103
021021104
021021105
021021106
021021107
021021108
021021109
021021110
021021111
021021112
021021113
021021114
021021115
021021116
021021117
021021118
021021119
021021120
021021121
021021122
021021123
021021124
021021125
021021126
021021127
021021678
021021995
021021996
021021997
021021998
021021999
021022000
021022001
021022002
021022003
021022004
021022005
021022006
021022007
021022008
021022009
021022010
021022011
021022012
021022013
021022014
021022015
021022016
021022017
021022018
021022019
021022020
021022021
021022678
021024302
021024305
021024308
021024309
021024316
021024317
021024318
021024319
021024320
021024321
021024322
021024329
021024335
021024338
021028037
021028038
021030578
021030579
021030580
021030581
021030582
021030583
021030584
021030585
021030586
021030587
021030588
021030589
021030590
021030591
021030592
021030593
021030594
021030595
021030596
021030597
021030844
021030845
021030846
021030847
021030848
021030849
021030850
021030851
021030852
021030853
021030854
021030855
021030856
021034540
021034541
021034542
021034543
021034544
021034545
021035755
021036486
021036487
021036489
021036490
021036493
021036494
021036495
021036496
021036498
021036499
021036500
021036501
021036502
021036503
021036504
021036505
021036506
021036507
021045183
021045184
021045185
021045186
021045187
021045188
021045189
021045190
021045191
021045192
021045193
021045194
021045195
021045196
021045197
021045198
021045199
021045200
021045201
021045202
021045203
021045204
021045205
021045206
021045207
021045208
021045209
021045865
021045868
021045869
021047134
021047139
021047142
021047143
021047144
021047145
021047146
021047147
021047148
021047149
021047150
021047151
021047152
021047153
021047154
021047155
021047156
021047157
021047159
021047160
021047167
021047168
021047170
021047172
021047173
021047179
021047180
021047181
021047182
021049821
021049822
021049823
021049824
021049825
021049826
021049827
021049828
021049829
021049830
021049831
021049832
021049833
021049834
021049835
021049836
021049837
021049838
021049839
021049840
021049841
021049842
021049843
021049844
021049845
021049846
021049847
021049848
021049849
021049850
021049851
021049852
021049853
021049854
021049855
021049856
021049857
021049858
021049859
021051855
021051856
021051857
021051858
021051860
021051861
021051862
021051864
021051866
021051867
021051868
021051869
021051870
021051871
021051872
021051873
021051874
021051875
021051876
021051877
021051878
021051879
021051880
021051881
021051882
021051883
021051884
021051885
021051886
021051887
021059494
021059496
021059499
021059501
021059502
021059503
021059504
021059506
021059507
021059510
021059512
021059516
021059517
021059519
021059524
021059526
021059527
021059528
021059529
021059530
021059531
021059532
021059533
021059534
021059535
021059536
021059537
021059538
021059539
021065363
021067434
021067439
021067440
021067441
021067442
021067443
021067444
021067445
021067446
021067447
021067448
021067449
021067737
021067738
021067739
021067740
021067741
021077745
021077746
021077750
021077753
021077754
021077755
021077756
021077757
021077758
021077759
021085462
021085463
021085464
021085465
021085466
021087789
021087790
021087791
021087792
021087794
021087795
021087796
021087797
021087798
021087799
021087801
021087802
021087804
021087805
021087811
021087816
021087817
021117522
021117523
021117524
021117525
021117526
021117527
021117528
021117529
021117530
021117531
021117532
021117533
021117534
021117535
021117536
021117537
021117538
021117680
021117681
021117682
021117683
021117684
021117685
021117686
021117687
021117688
021117689
021117690
021117691
021117692
021117693
021117694
021117695
021117972
021117973
021117974
021117975
021117976
021117977
021117978
021117979
021117980
021117981
021117982
021124050
021124051
021124052
021124053
021124054
021124055
021124056
021124057
021124058
021124059
021124060
021124061
021124062
021124063
021124064
021126430
021126431
021126432
021126434
021126435
021126436
021126437
021126440
021126441
021126443
021126444
021126445
021126446
021126447
021126448
021126449
021126450
021126451
021126452
021126529
021126530
021133972
021133973
021133974
021133975
021133976
021133977
021133978
021133979
021133981
021133982
021134966
021134967
021135505
021137085
021137086
021137087
021137088
021137089
021137090
021137091
021137092
021137093
021137094
021137095
021137096
021137097
021137098
021137099
021137100
021137101
021137102
021137103
021137104
021137105
021137106
021137107
021137108
021137109
021137110
021137111
021137112
021137113
021137114
021137115
021137116
021137117
021137118
021137119
021137120
021137121
021137122
021137123
021137124
021137125
021137126
021137127
021137128
021137129
021137817
021137818
021137819
021137820
021137821
021137822
021137823
021137824
021137825
021137826
021137827
021137828
021137829
021137830
021137831
021140385
021140386
021140387
021140388
021140389
021142071
021148203
021148204
021148205
021148206
021148207
021148208
021148319
021148320
021148321
021148322
021148329
021148330
021148332
021148333
021148335
021148337
021148338
021148340
021148341
021148344
021148345
021148346
021148347
021148348
021148352
021148355
021148357
021148358
021148359
021148360
021148361
021148362
021148363
021148364
021148365
021148366
021148367
021148368
021148369
021148370
021148371
021148372
021148373
021148374
021148375
021148376
021148377
021148378
021148379
021148380
021148381
021148382
021148383
021148384
021148385
021148386
021148387
021148388
021148399
021148400
021148401
021148402
021148403
021148947
021148948
021152554
021152555
021152556
021152557
021152558
021152559
021152560
021152562
021152563
021152564
021152566
021152567
021152568
021152569
021152570
021152571
021152572
021152573
021152574
021152575
021152576
021152577
021152578
021152579
021154347
021155161
021155162
021155163
021155164
021155165
021155166
021155167
021155168
021155169
021155170
021155171
021155172
021155173
021155174
021155175
021155176
021155177
021155178
021155179
021155180
021164084
021164085
021164932
021164933
021164937
021164941
021164942
021164944
021164947
021164949
021164952
021164955
021164956
021164972
021164974
021164975
021164976
021164977
021164978
021164979
021164980
021164982
021166241
021166242
021166243
021166244
021166245
021166350
021166351
021166352
021166353
021166357
021166364
021166365
021166366
021166367
021166368
021166369
021166370
021166371
021166372
021166373
021166375
021166376
021166377
021166378
021166379
021166380
021166381
021166382
021166383
021166384
021166385
021166386
021166387
021173051
021173315
021173316
021173317
021173318
021173319
021173320
021173321
021173322
021174069
021174070
021174071
021174072
021174073
021174074
021174079
021174080
021174081
021174082
021174083
021174084
021174123
021174124
021174125
021174126
021174127
021174128
021174131
021174132
021174133
021174134
021174135
021174136
021174137
021174138
021174139
021174140
021174141
021178724
021178727
021179135
021179136
021179138
021188250
021188251
021188252
021188253
021188254
021188255
021188256
021188257
021188258
021188550
021188551
021188552
021188553
021188554
021188555
021188556
021188557
021188558
021188559
021188560
021188561
021188562
021188563
021188564
021188565
021188566
021188567
021188568
021188569
021188570
021188571
021188572
021188573
021188574
021188575
021188576
021188577
021188578
021188579
021188580
021188581
021188582
021188583
021188584
021188585
021188586
021188587
021188588
021188589
021188590
021188591
021188592
021188593
021188594
021188595
021188596
021188597
021188598
021188599
021188600
021188601
021188602
021188603
021188604
021188605
021188606
021188607
021188608
021188609
021188610
021188611
021188612
021188613
021188614
021188615
021188616
021188617
021188618
021188619
021188620
021188621
021188622
021188623
021188624
021188625
021188626
021188627
021188628
021188629
021188630
021188631
021188632
021188633
021188634
021188635
021188636
021188637
021188638
021188639
021188640
021188641
021188642
021188643
021188644
021188645
021188646
021188647
021188648
021188649
021188650
021188651
021188652
021188653
021188654
021188655
021188656
021188657
021188658
021188659
021188660
021188661
021188662
021188663
021188664
021188665
021188666
021188667
021188668
021188669
021188670
021188671
021188672
021188673
021188674
021188675
021188676
021188677
021188678
021188679
021188680
021188681
021188682
021188683
021188684
021188685
021188686
021188687
021188688
021188689
021188690
021188691
021188692
021188693
021188694
021188695
021188696
021188697
021188708
021188709
021188710
021189531
021189532
021189533
021189534
021189535
021189536
021189537
021189538
021189539
021189540
021189541
021189542
021189543
021189544
021189545
021189546
021189547
021189548
021189549
021189550
021189551
021189552
021189666
021189667
021189668
021189669
021189670
021189671
021189672
021189673
021189674
021189675
021196812
021196862
021196863
021196864
021196865
021204581
021204582
021204583
021204584
021204585
021204635
021204636
021204637
021204638
021204639
021204640
021204641
021204642
021204643
021204644
021204645
021204646
021204647
021204648
021204649
021204650
021204651
021204652
021204653
021204654
021204655
021204656
021205011
021205012
021205013
021205014
021205015
021205016
021205017
021205018
021205019
021205020
021205021
021205022
021205023
021205024
021208635
021208636
021211218
021211285
021211286
021211287
021211288
021211291
021211292
021211293
021211294
021211295
021211297
021211298
021211299
021211301
021211302
021211303
021211304
021211305
021217266
021221483
021221484
021221485
021221486
021221487
021221488
021221489
021221492
021221493
021221494
021221495
021221496
021221497
021221498
021221499
021221500
021221501
021221502
021221503
021221504
021221505
021221506
021221507
021221508
021221509
021221510
021221511
021230070
021230079
021230080
021230081
021230082
021230083
021230084
021230085
021230086
021230087
021230088
021230089
021230090
021230091
021230092
021230093
021230094
021230095
021230096
021232290
021232291
021232292
021232293
021232294
021232295
021236662
021239088
021239090
021239091
021239092
021240399
021240407
021240410
021240431
021240432
021240433
021243278
021243281
021243283
021243289
021243292
021243294
021243302
021243305
021243323
021243324
021243325
021243326
021243327
021243328
021243329
021243330
021243331
021243332
021243333
021243334
021243335
021243336
021243337
021243338
021247637
021247638
021247639
021247640
021247641
021247642
021247643
021247644
021247645
021249192
021249193
021249194
021249195
021249196
021249197
021249198
021253100
021253101
021253102
021253105
021253106
021253107
021253108
021253109
021253110
021253111
021253112
021253113
021253114
021253115
021253116
021253117
021253118
021253119
021253120
021253121
021253122
021253123
021253124
021253125
021253126
021253127
021253128
021253129
021253130
021253131
021253132
021253133
021253134
021253135
021253136
021253137
021253138
021253584
021253585
021253586
