020009309
020022383
020023672
020023682
020057866
020058435
020058436
020079340
020104737
020109896
020109906
020115836
020124948
020155487
020174549
018434069
018440427
018441237
018454004
018454005
018464810
018464816
018464821
018546046
018546053
018555675
018607112
018641953
019407410
019442796
019684706
019797141
019833531
019833532
019836752
019860268
019865059
019951981
019966956
019969444
019987270
020205868
020223195
020223212
020223217
020223773
020223775
020223986
020263627
020263828
020263860
020264004
020294669
020343777
020368538
020382251
020434581
020521582
020521583
020521585
020521586
020521611
020521621
020521630
020521638
020521641
020521708
017524041
018719379
018741482
018804613
018809001
018816211
018816457
018822102
018822164
018822169
018822196
018822202
018822210
018836346
018836351
018836362
018836373
018848412
018889249
018889255
018907723
019056193
019185718
019187521
019198197
019198203
019198249
019200248
019200257
019213476
019213574
019213612
019215235
019219386
019219645
019219958
019225734
019229361
019229366
019229370
019344888
019362521
019362525
019362529
019390017
019462920
019462940
019606193
019641337
016324417
016415856
017703061
017713977
017737260
017748407
017752492
017754733
017759633
017770940
017780206
017780227
017780231
017826781
017828567
017838498
017866120
017867551
017867569
017867576
017881032
017896010
017975747
017980168
018070384
018070399
018070719
018070734
018083138
018085695
018087063
018090437
018091641
018123543
018123570
018123639
018123761
018123778
018123818
018124019
018159404
018182425
018187658
018187755
018212684
018252385
018252407
018265421
018266074
018397716
016552805
016566803
016605245
016950126
017032332
017043350
017043599
017048027
017066038
017070829
017111026
017111546
017132407
017162743
017163740
017169406
017170178
017386329
017389168
015411051
015605167
015621135
015646577
016003356
016522964
014695350
014705058
014753593
020679255
020705399
020714326
020820224
020820271
020820276
020820288
020821187
020846087
020846088
020846105
020846106
020846265
020850950
020850959
020850982
020851004
020851005
020851014
020851034
020865426
020872304
020872305
020879584
020937023
020937512
020945818
020954121
020954194
020968783
020971574
021004549
021034702
021044523
021052950
021056560
021146062
021204724
021204754
021204784
021208172
021208173
021208193
021236806
021236819
021236827
021236832
021236840
021239465
020152348
019200265
019720156
019462985
019620163
019620975
019620988
019679484
019833875
020529913
017714260
017714300
017715141
017732367
017752528
018144750
018290497
017043585
017078334
019362568
019836762
019364726
016272708
016282341
017619995
017649862
017714146
017719808
017029085
017132528
017170384
