019364170
019439017
019439018
019439019
019439020
019439021
016493379
021097290
020448904
020725026
017801422
021240784
020001341
020020708
020259437
020259442
020292014
020300756
020300763
020327993
020328382
020328473
020335961
020357807
020371082
020426576
020426583
020446374
020474105
020484111
020490752
020520544
019284555
019456272
019553747
020588042
017993060
018289498
020655287
020717203
020717500
020752101
020759984
020774094
020780267
020787704
020793436
020793441
020793443
020793449
020793450
020793452
020834080
020933689
020973833
021017647
021033554
021164994
021237494
021250630
021252473
021253239
018659857
018659958
018659783
020060506
019314024
019694941
019938375
017481072
019075353
020584256
020584259
017797536
017897515
016915666
016970062
020991807
020358941
019727988
020160508
018424544
018424548
018424554
018424561
018653856
019291623
019355384
020486697
020584472
017455831
020803958
019691179
020529910
