016413627
016413645
016413652
016432690
016436957
016437703
016437737
016437999
016438382
016442779
016442802
016442816
016442824
016442828
016442834
016442852
016442862
016442910
016442929
016442942
016442954
016442972
016444664
016444667
016444668
016444670
016444673
016447317
016447327
016447334
016447355
016447362
016447368
016447373
016447435
016447452
016447482
016447492
016447498
016450264
016450964
016452416
016452430
016452436
016452439
016452444
016452450
016452455
016452465
016454710
016454727
016454731
016454916
016458281
016460485
016460523
016460556
016460574
016460585
016460593
016460652
016460665
016460703
016460707
016462660
016462666
016469108
016469150
016469158
016471646
016471651
016471701
016477199
016477205
016477210
016477212
016477215
016477217
016477219
016477221
016479150
016479417
016483927
016484202
016487784
016487794
016488347
016488360
016491384
016491410
016491411
016491424
016491435
016491458
016491512
016491686
016491828
016492988
016492990
016492996
016493013
016493018
016493019
016493132
016493137
016493144
016493148
016493152
016493155
016493159
016493164
016493168
016493169
016493173
016493175
016493179
016493181
016493184
016493192
016493198
016493212
016493216
016493217
016493274
016493282
016493296
016496037
016496042
016496077
016496089
016496099
016496105
016496743
016496803
016496818
016496861
016497019
016497897
016497904
020414900
019286714
019370407
020420933
019199940
020953776
020977504
020992887
021027981
021027990
021027998
021045154
016613867
