020003587
020008480
020015101
020022306
020023660
020044825
020060725
020079327
020101672
020106301
020112550
020159881
020167572
020171267
020183514
020189779
020192780
018618110
018627580
018647285
019440649
019545118
019567746
019574265
019604908
019612590
019649982
019709743
019719968
019728325
019750550
019809714
019820918
019827050
019827055
019836802
019839336
019843254
019864824
019884950
019906538
019935057
019941278
019942361
019951950
019956949
019957053
019962515
019967003
020204433
020223257
020270506
020271040
020279076
020279206
020295920
020301753
020308788
020308892
020314581
020324478
020324756
020325727
020329029
020352997
020365119
020369164
020369262
020382205
020382234
020405377
020406384
020410834
020410934
020410940
020416804
020430309
020430316
020439107
020485228
020492330
020505700
020513899
020516884
020530014
020542719
020547352
020561004
020561606
020561632
020561977
020568068
020579592
017498466
018691431
018766768
018789969
018844718
018844746
018875059
018882837
018903966
018918340
018981065
018993606
019001704
019006400
019018117
019028515
019051050
019131040
019187411
019197846
019247642
019266851
019332908
019370029
019397288
019405118
019408704
019408713
019415922
019420509
019476509
019536092
019547339
019552066
019571883
019638182
019656717
019668991
019672711
020582373
020582782
020582840
020582867
020589556
020620976
020625600
020634554
017560955
017581580
017616917
017742375
017754572
017784127
017792390
017809903
017881287
017980196
017987064
017998351
018010084
018060145
018082438
018082439
018091785
018098177
018105898
018166452
018198300
018220115
018232874
018232898
018237391
018245787
018266247
018266844
018308406
018312320
018340059
018343125
016431313
016438402
016473983
016475150
016487880
016491298
016491312
016491485
016491760
016505175
016540769
016553561
016553657
016553801
016553820
016553866
016554055
016554119
016554146
016554192
016554225
016554244
016554258
016554289
016554300
016554308
016556056
016556076
016556130
016556209
016556258
016556299
016556333
016556368
016556390
016556612
016556633
016556662
016556689
016556736
016556785
016556818
016556855
016556904
016556914
016556929
016556945
016556985
016557044
016557071
016560369
016560878
016560887
016560897
016560902
016560914
016560965
016560984
016560995
016561067
016561189
016561197
016561202
016561250
016561268
016561301
016561330
016561361
016561383
016561399
016561418
016561421
016561423
016563552
016586855
016586889
016593217
016593764
016593772
016593781
016593793
016593810
016593822
016611217
016629965
016631308
016634739
016634762
016634776
016635043
016635048
016635051
016635065
016635068
016635174
016635187
016635223
016635233
016635262
016635306
016635319
016635362
016726185
016726192
016865809
016958258
017043572
017077050
017151981
013611927
015543438
015599914
015737049
015741351
015798217
015806748
015807156
015840676
015847777
015852702
015898301
016100228
016170237
016183390
016198833
016211573
014630418
014825124
014935014
020656102
020662019
020675198
020679458
020694129
020694177
020717748
020726487
020761005
020768023
020788456
020799219
020663270
020806797
020811869
020811919
020815492
020815945
020815948
020816020
020820181
020835270
020836277
020853294
020865418
020879171
020879178
020879601
020937511
020937525
020937555
020942326
020945802
020945881
020946502
020946516
020946521
020946714
020946715
020948156
020948169
020955343
020955344
020955345
020956249
020961886
020961887
020961889
020963378
020963430
020964788
020969788
020980928
020981894
020986595
020986735
020993618
020993653
020995556
020999761
020999762
020999780
020999789
021004711
021004931
021009374
021018517
021018677
021024361
021024367
021024370
021024388
021027832
021028318
021030759
021030909
021034590
021044511
021044851
021045643
021050036
021050066
021050983
021052655
021052882
021056044
021056046
021056626
021056633
021056831
021056836
021056841
021056856
021056953
021060189
021064469
021083939
021115154
021115156
021142845
021142851
021142854
021142856
021142860
021142862
021153009
021172808
021172904
021173217
021181846
021189768
021189816
021193615
021193723
021193778
021202756
021203126
021208262
021215736
021215855
021222304
021222312
021222380
021226545
021233631
021233647
021243702
021244065
021253267
021253270
020124854
013561059
020630505
016445355
016445357
016445358
016680063
016949954
013625565
013804229
020740514
020947575
020947616
016625629
016626230
016626616
016626727
016626772
