012431860
012432054
012432075
012432211
012432212
012432217
012432222
012432227
012432233
012432430
012432645
012432649
012432802
012432859
012432992
012433002
012433057
012433437
012433519
012433638
012433740
012433875
012434020
012434100
012434117
012434152
012434169
012434172
012434182
012434202
012434255
012434276
012434282
012434348
012434366
012434396
012434428
012434588
012434712
012434744
012434751
012434755
012434756
012434872
012434876
012435058
012435089
012435104
012435116
012435224
012435257
012435294
013345881
013364079
013491363
017762697
015120811
015791645
