020002106
020005244
020010220
020015352
020016028
020016050
020017210
020017977
020059676
020076742
020078707
020105688
020106215
020126998
020160506
020160808
020168827
020169325
020169327
020170395
020170658
020174708
020186343
020190130
020190132
020190133
020191780
020191809
020191810
020191812
018400555
018417504
018425468
018425479
018425482
018425484
018426975
018434501
018453970
018453973
018455350
018455351
018456816
018456893
018456903
018456971
018464461
018464490
018464499
018466120
018466693
018466715
018482101
018500603
018505469
018505535
018507245
018507250
018516643
018530292
018548854
018548977
018552340
018552365
018552366
018552417
018554520
018560953
018561847
018561872
018561882
018565502
018565846
018566323
018566357
018572274
018572321
018574042
018574343
018574587
018588119
018610304
018610958
018611615
018614835
018622084
018622092
018630588
018640245
018640246
018640269
018640270
018641093
018647604
018647629
018647641
018647643
018647656
018649560
018656862
018656919
018657797
018658158
018659549
019206081
019235719
019235729
019248988
019254106
019254139
019257457
019258217
019278772
019278776
019286675
019286698
019286707
019286708
019286719
019286721
019286725
019286730
019286731
019286750
019291625
019319133
019319134
019319142
019319160
019319180
019319181
019319184
019319185
019319186
019319192
019319193
019319200
019319204
019319210
019321388
019336733
019353056
019365728
019367138
019370580
019380062
019388137
019388145
019388148
019388150
019388153
019388156
019388167
019388175
019388184
019388187
019388197
019388204
019388212
019390636
019416816
019416855
019416977
019416986
019416989
019416997
019416999
019417004
019417005
019417016
019417028
019417029
019417034
019417036
019417043
019417044
019417051
019417054
019417055
019417057
019417061
019417066
019417067
019417069
019417070
019421003
019426056
019430527
019446994
019447000
019447001
019447015
019447017
019447047
019447059
019447061
019447066
019447069
019447074
019447075
019447076
019447077
019447117
019450404
019459780
019465190
019467960
019479230
019479276
019479301
019479302
019479305
019479327
019479342
019479377
019479687
019499216
019517724
019519097
019535809
019554707
019554723
019555647
019556472
019564680
019571618
019572487
019572492
019572878
019588357
019588360
019588375
019592259
019592290
019592291
019592292
019614919
019615389
019621386
019644964
019676327
019676328
019678907
019684584
019686041
019692968
019723188
019748235
019749434
019788715
019809102
019817134
019838045
019845560
019850913
019855498
019862486
019862534
019862535
019874664
019889202
019889211
019893368
019893370
019893372
019893373
019901748
019905861
019905872
019906252
019934901
019940456
019942741
019943941
019966539
019975584
019976033
019980437
019987694
019993056
020204969
020213999
020214007
020214008
020214009
020214016
020215742
020245609
020255477
020255827
020261651
020267005
020276269
020292880
020302972
020331422
020331423
020347961
020361302
020372825
020372828
020399136
020405950
020414875
020414886
020414891
020414892
020435418
020435838
020435839
020435842
020441119
020447574
020448976
020449011
020465456
020476453
020479673
020486250
020486282
020492908
020506119
020506122
020520134
020529062
020547703
020547822
020549146
017450797
017494762
017513071
017513755
017550848
017550849
018672330
018672348
018672400
018682410
018685729
018685731
018695851
018695861
018696834
018716450
018720333
018727417
018727427
018728134
018749949
018753775
018754219
018754230
018759189
018760047
018760050
018765026
018765087
018766534
018766537
018766538
018766572
018766577
018766592
018782575
018790185
018791671
018791673
018791674
018791677
018791679
018791680
018803296
018817421
018818497
018826604
018833783
018840042
018842060
018850819
018851541
018867898
018871628
018871629
018871630
018871631
018871632
018871644
018871678
018871686
018871689
018871700
018871709
018871711
018871714
018871935
018872470
018872473
018872477
018872481
018878260
018878266
018878684
018878689
018878690
018914340
018914399
018918065
018936945
018936946
018937690
018937691
018937692
018937693
018937694
018937695
018976480
018984844
018990525
018990707
018990708
018990709
018990710
019001338
019013219
019016997
019016999
019023220
019028851
019028853
019030834
019031025
019033731
019045202
019046968
019050613
019050665
019050675
019053484
019053616
019056802
019059346
019059347
019059348
019059349
019059385
019060537
019060552
019060557
019060568
019060569
019060573
019060578
019060597
019066409
019084733
019084734
019084736
019084737
019090908
019090912
019090914
019090918
019090925
019094414
019094488
019097464
019111339
019111381
019111418
019119652
019130044
019135541
019135572
019135594
019136559
019136560
019136561
019136562
019136563
019144453
019144470
019146556
019154741
019154762
019169534
019171335
019171336
019171337
019177019
019188356
019192608
019193415
019193609
019330897
019380193
019515757
020584020
020584030
020584048
020584168
017702862
017760998
017800331
017800849
017858036
017875221
017901295
017990114
017990154
017996843
017997761
018004426
018034983
018034985
018034997
018035012
018035630
018035631
018035632
018066835
018071991
018072014
018072469
018077521
018086829
018090311
018099484
018117770
018120577
018124016
018137274
018161884
018177571
018177573
018177575
018177576
018177580
018177581
018177584
018187335
018187985
018187992
018188002
018190606
018191864
018192787
018192788
018202381
018220358
018220361
018220362
018223479
018223505
018224190
018238010
018238995
018239024
018243282
018243328
018244909
018251979
018252196
018255470
018257978
018258038
018261996
018266579
018266730
018266786
018266797
018272593
018272635
018272637
018272639
018272653
018272695
018273292
018274676
018274682
018274756
018274765
018283563
018283635
018294888
018294910
018294959
018295042
018295043
018295045
018295046
018321820
018321821
018347263
018399544
018399552
018441232
016491447
016687718
016687751
016844210
016916866
016917530
016937129
016992568
017016799
017192304
017549575
017585438
020650627
020650796
020650819
020656485
020674991
020680441
020680843
020680844
020705317
020711944
020711949
020711952
020711956
020711959
020711960
020711962
020711963
020711966
020711967
020711969
020711970
020718032
020718216
020718225
020748053
020748058
020770290
020804553
020819998
020825934
020825936
020829292
020829295
020839906
020841731
020841732
020841734
020841738
020841739
020841740
020851548
020852082
020864058
020864878
020866615
020878836
020935888
020945085
020945094
020945097
020945117
020947407
020947408
020963219
020970249
020987504
021009182
021022571
021029998
021063726
021094026
021094027
021154534
021164674
021164691
021164693
021164699
021164703
021164704
021164706
021164712
021164715
021164718
021188179
021188183
021188189
021196752
021208398
