014940672
016100011
012432979
018755287
018119839
016491631
016588141
015843291
016006975
016075867
014859990
016746197
015549076
015608414
016019228
016553794
012087638
012432218
012433114
020106319
018626788
019797341
019797342
019974854
018680849
018759405
019104566
017703129
017751601
017858487
018112096
018178172
016468669
016469290
016526391
016548716
016556842
016584256
016942964
017035166
017369001
017374655
015323546
015334179
015593899
015605276
015608566
015787444
015815324
015815352
015898587
015949158
016013530
016048043
016096475
016116263
016142350
016160545
013356268
019448570
011458394
019057833
019104524
012089400
019605376
019605382
019605397
018112143
015498666
016713018
017017117
012912509
