015961821
016014031
016058952
014655791
019440243
013748832
013758268
017364040
015726640
013465820
008563533
008563540
008566323
008567465
008570432
007206433
007206862
007207688
007210300
007210449
007880538
007883453
007884254
007886971
007887119
007894095
007898156
019836778
019836798
019839716
019923884
020284869
020284874
018746745
019261017
019535120
019541775
019558229
017873964
017959023
018156008
018379417
016458749
016459268
016479628
016479927
016479960
016480008
016480618
016607245
016607255
016607272
016796215
016971203
017013961
015548848
015705136
015792567
016220559
013943390
017600180
007210457
007880545
019896726
017461992
019054495
018025568
013600779
015428377
015992704
016195002
013887844
013888120
013888187
013943242
013943340
013943385
014233419
014233491
014233519
014233547
014233559
018019182
016785687
014917138
017393833
014919645
