020058645
019980673
020391488
017784189
016613936
016613942
016613971
016613985
017079558
013434181
008565343
018580865
017975751
016459127
016459145
016459159
016459195
016459221
016459245
016459262
016459265
016459273
016459274
016480359
016480823
016480849
016480856
016481611
016481644
016517122
016631973
016710183
016878592
017020800
017066765
017100172
015904753
016125463
016194322
016196532
014920229
015863981
016625633
016625640
016625646
016625647
016625650
016625664
016625678
016625679
016625709
016625710
016625711
016625712
016625713
016625714
016625715
016625716
016625717
016625718
016625719
016625720
016625721
016625722
016625737
016625762
016625787
016625812
016625836
016625860
016625883
016625906
016625929
016626113
016626436
016626476
016626556
016626677
016626908
016626917
016626934
