020005263
020010792
020028761
020046681
020046682
020116613
020192752
019215149
019215151
019215159
019225295
019247498
019247499
019247500
019247505
019248942
019248943
019248944
019248945
019248946
019248947
019248948
019248949
019248963
019248991
019248992
019248993
019248994
019248995
019248998
019248999
019249000
019249001
019249010
019249032
019254105
019254853
019255813
019376349
019388663
019389663
019434083
019592285
019632261
019670233
019763016
019774645
019955167
020521398
019025050
019030709
019046381
019053367
019099758
019099761
019100523
019192634
019193602
019355428
