016442858
016413497
016413507
016413512
016413513
016413569
016413573
016413576
016413581
016413590
016413595
016413608
016413615
016418459
016418461
016420290
016420293
016420298
016420312
016420314
016420315
016430775
016430779
016430781
016430783
016430785
016430788
016430792
016430799
016430802
016430805
016430810
016430813
016430815
016430851
016430852
016430854
016430859
016430861
016430863
016430866
016430870
016430873
016430879
016438079
016438083
016438112
016438117
016438141
016438164
016445122
016445129
016445136
016445144
016445151
016445169
016445175
016445191
016445197
016445201
016445236
016445242
016445244
016445260
016445317
016445321
016445325
016445329
016445334
016445337
016445342
016445363
016445367
016445375
016445401
016445406
016445411
016454838
016454845
016456325
016456330
016456367
016456369
016456371
016456377
016456379
016456380
016456382
016456383
016456387
016456388
016456391
016456393
016458167
016458191
016458197
016458203
016458205
016458207
016458209
016458224
016458227
016458233
016458235
016458832
016464976
016470984
016471002
016471007
016471013
016471599
016471639
016471640
016471641
016471642
016471665
016484148
016484193
016484413
016484444
016484456
016484466
016484514
016484530
016484539
016484543
016484550
016484559
016484571
016484582
016500918
016413675
016413729
016415036
016415037
016415192
016418468
016418472
016427242
016427248
016427250
016427253
016427256
016427348
016427357
016427361
016427366
016427372
016427381
016427383
016427420
016427427
016427430
016427431
016427435
016427445
016427450
016427452
016427454
016427489
016427492
016427494
016427498
016427505
016427517
016427526
016427531
016427538
016427543
016427558
016427562
016427565
016427574
016427580
016427587
016430889
016430897
016430908
016430912
016430918
016430928
016430943
016430951
016430954
016430967
016430973
016430979
016430987
016431018
016431019
016431022
016431025
016431027
016431032
016431037
016431045
016431563
016431566
016431571
016431573
016431583
016431611
016431617
016431648
016431656
016431661
016431664
016431673
016431682
016431691
016431693
016431696
016432595
016432610
016432614
016434046
016434048
016434050
016434053
016434055
016434056
016434060
016434064
016434068
016434090
016434093
016434098
016434686
016434688
016434729
016434734
016434738
016434740
016434779
016434788
016434790
016434791
016434793
016434798
016434806
016434810
016434813
016434817
016434820
016434874
016434876
016434881
016434922
016434923
016434925
016434946
016438375
016438390
016438433
016438436
016438442
016438445
016438447
016438451
016438453
016438455
016438456
016438461
016438464
016438468
016438473
016438476
016438478
016438494
016438572
016438591
016438597
016438605
016438614
016438619
016438624
016438646
016438673
016438682
016438694
016438697
016438702
016438732
016438737
016438738
016438742
016438912
016438915
016438919
016438923
016447528
016447880
016450298
016450306
016450332
016450342
016450345
016450351
016450368
016450546
016450553
016450949
016450956
016450970
016450975
016450995
016451006
016452419
016452435
016452448
016452453
016452456
016452463
016452467
016452469
016452482
016452487
016452489
016452873
016452903
016452963
016452991
016453002
016453012
016454703
016454717
016454898
016454907
016454924
016454928
016454947
016456119
016456264
016456274
016456303
016456322
016456327
016456336
016456340
016456345
016456349
016456399
016456741
016458157
016458162
016458165
016458175
016458178
016458181
016458184
016458189
016458194
016458198
016458228
016458261
016458283
016458287
016458326
016458354
016458365
016458375
016458400
016458413
016458420
016458438
016458443
016458450
016458455
016458461
016458470
016458481
016458485
016458491
016458498
016458506
016458511
016458515
016458520
016458742
016458747
016458765
016458769
016458775
016458779
016458793
016458794
016458801
016458810
016458815
016458835
016458839
016458841
016458843
016458845
016458847
016458851
016458853
016458858
016458862
016458866
016458868
016458870
016458872
016458873
016458875
016459165
016459194
016459346
016459347
016459361
016460284
016460310
016460420
016460431
016460447
016460449
016460495
016460496
016460499
016460502
016460507
016460508
016460512
016460514
016460539
016460547
016460573
016460577
016460597
016460602
016460604
016460612
016460618
016460626
016460640
016460650
016460677
016460685
016460692
016460702
016460718
016460725
016460728
016462480
016462482
016462483
016462487
016462493
016462494
016462499
016462502
016462504
016462506
016462509
016462512
016462516
016462541
016462545
016462549
016462604
016462646
016462654
016462681
016462684
016462723
016462733
016462740
016462779
016462793
016462797
016462801
016462805
016462822
016462831
016464837
016464858
016464868
016464900
016464913
016464927
016464934
016464941
016464958
016465024
016465027
016465066
016465106
016465129
016465150
016465175
016465178
016465179
016465199
016465259
016466535
016466541
016466544
016466549
016466553
016466555
016466582
016466596
016466597
016466600
016466604
016466609
016466611
016466618
016466621
016466628
016466634
016466639
016466643
016466644
016466646
016466650
016466655
016466668
016466672
016466689
016466696
016466698
016466701
016466709
016466739
016466745
016466747
016466751
016466753
016466757
016468673
016468698
016468746
016468753
016468825
016468846
016468854
016468896
016468905
016468956
016468961
016468998
016469009
016469014
016469067
016469073
016469078
016469083
016469119
016469125
016469168
016469176
016469180
016469184
016469187
016469191
016470945
016470950
016470955
016470986
016470990
016471039
016471064
016471072
016471099
016471101
016471108
016471124
016471131
016471152
016471166
016471587
016471672
016471679
016471691
016471706
016471713
016471715
016471717
016476584
016476589
016476977
016477040
016477045
016477049
016477054
016477062
016477068
016477070
016477076
016477096
016477102
016477105
016477106
016477108
016477115
016477117
016477124
016477127
016477130
016477137
016477147
016477157
016477170
016477174
016477191
016477193
016477194
016477196
016477202
016477204
016477207
016477213
016477216
016477220
016479125
016479136
016479247
016479349
016479403
016479450
016479457
016479599
016480212
016480221
016480224
016480232
016480238
016480240
016480246
016480253
016480260
016480264
016480267
016480271
016480272
016480273
016480274
016480275
016480276
016480278
016480611
016480855
016480858
016481647
016481648
016481657
016481666
016481671
016481673
016481676
016481677
016481680
016481684
016481686
016481688
016481690
016481692
016481703
016481710
016481718
016481728
016481770
016481786
016481793
016481799
016481806
016481816
016481827
016481910
016481911
016481915
016481920
016481924
016481927
016481930
016481932
016481934
016483926
016483964
016483974
016484038
016484040
016484044
016484047
016484057
016484065
016484076
016484080
016484101
016484105
016484152
016484161
016484175
016484230
016484262
016484612
016484622
016484658
016484663
016484668
016484676
016484680
016484688
016484691
016484696
016484699
016484708
016484713
016484722
016484726
016484729
016484755
016484765
016484767
016484778
016484781
016484786
016484790
016484793
016484796
016484801
016484805
016484806
016484809
016484813
016484815
016484819
016485031
016485033
016487573
016487584
016487601
016487622
016487632
016487654
016487750
016487763
016487823
016487828
016487832
016487836
016487840
016487844
016487852
016487861
016487870
016487872
016487874
016487878
016487885
016488117
016488121
016488124
016488133
016488140
016488143
016488161
016488166
016488169
016488188
016488193
016488197
016488198
016488203
016488209
016488212
016488218
016488219
016488224
016490774
016490779
016490781
016491240
016491281
016491311
016491314
016491323
016491328
016491338
016491351
016491396
016491413
016491414
016491418
016491428
016491430
016491434
016491438
016491448
016491452
016491472
016491474
016491678
016491820
016492995
016493028
016493034
016493036
016493039
016493040
016493043
016493044
016493099
016493114
016493127
016493139
016493227
016493240
016493250
016493260
016493295
016493299
016493305
016493526
016493528
016493529
016493530
016493531
016493535
016493538
016493540
016493542
016493543
016493558
016493562
016493565
016493568
016493569
016493606
016493611
016493616
016493647
016493661
016493666
016493673
016493685
016493711
016493731
016493740
016493745
016493748
016493761
016493791
016493826
016493840
016493857
016493859
016493867
016493871
016493895
016496030
016496035
016496040
016496043
016496046
016496080
016496168
016496205
016496223
016496226
016496228
016496297
016496315
016496319
016496321
016496328
016496355
016496360
016496362
016496369
016496372
016496374
016496376
016496378
016496380
016496382
016496384
016496388
016496391
016496392
016496396
016496397
016496411
016496561
016496562
016496563
016496564
016496565
016496570
016496572
016496575
016496576
016496578
016496580
016496586
016496589
016496590
016496607
016496620
016496623
016496624
016496627
016496628
016496632
016496635
016496645
016496666
016496704
016496729
016496738
016496742
016496763
016496774
016496776
016496778
016496795
016496798
016496813
016496814
016496820
016496825
016496830
016496833
016496839
016496842
016497058
016497069
016497075
016497079
016497138
016497153
016497197
016497201
016497214
016497331
016497348
016497876
016497877
016497881
016497882
016497884
016497889
016497891
016497946
016497951
016497954
016497960
016497965
016497969
016497975
016497981
016497985
016497994
016497999
016498004
016498006
016498012
016498040
016498041
016498042
016498062
016498068
016498081
016498087
016498094
016498104
016498355
016498380
016498381
016498398
016498399
016498403
016498412
016498416
016498422
016498428
016498441
016498444
016498446
016498467
016498519
016498526
016498535
016498541
016498546
016498549
016498579
016498586
016498596
016498602
016498610
016498613
016498617
016498639
016498714
016500235
016500251
016500262
016500274
016500284
016500295
016500335
016500345
016500354
016500598
016500600
016500603
016500605
016500632
016500663
016500699
016500703
016500730
016500747
016442921
020986882
020016456
020016461
020105349
020124680
020124833
020131836
020131837
020131864
020160139
020160140
020160141
020160142
020160143
020160144
020160145
020160155
020174792
020190185
020190186
020190187
020190444
018505996
019207795
019253893
019264438
019278596
019278599
019371105
019379066
019379067
019379068
019390146
019415704
019499146
019506023
019597517
019597560
019794706
019803086
019851132
020204863
020213951
020255192
020255202
020255204
020255208
020255212
020255828
020263429
020263430
020285581
020285582
020285583
020285584
020285585
020285586
020285587
020285588
020285589
020285592
020285593
020286217
020308908
020308909
020308910
020308911
020308913
020308915
020308916
020477459
020505577
020505665
020529180
020529182
020537354
020542715
020542718
020558547
020567487
018675482
018675491
018675496
018675501
018675505
018675508
018685073
018685383
018687610
018791637
018801203
018817162
018817192
018818341
018849285
019003199
019016286
019045885
019050335
019076681
019126633
019138433
019169002
019169007
019169014
019169015
020589211
020633269
017900376
017922167
017942952
017942968
017945560
017972869
020655886
020655901
020711832
020726245
020734133
020734244
020760690
020760965
020768159
020768286
020768287
020768288
020768290
020768292
020768293
020789132
020819945
020825726
020825937
020825938
020825939
020825940
020825941
020834788
020834789
020834812
020835616
020863913
020878754
020934415
020934453
020945062
020945063
020945064
020945065
020986875
020992859
021009190
021045084
021072153
021090900
016471023
016479433
016496309
016496732
016496757
016497095
