017620221
017670912
018279510
016692542
016969154
017167806
016681315
015847667
015818228
015666424
007887553
020499997
017448099
016250467
017909291
016527642
016531252
016544197
016601879
016602048
016602418
016735605
016934499
016968109
017035100
015429447
015439825
015591377
015692839
015709213
015747199
015748109
015752356
015795882
015796329
015829740
015831174
015857645
015876147
015886062
015905471
015906083
015966539
015967958
015985679
016016324
016032389
016041175
016065768
016133158
016197351
016207558
014781489
014838400
020826215
020846947
015330439
015726607
016116443
016149409
018508146
016699941
017035529
017379709
