016129602
018453172
018537178
019420474
020427074
020561992
020562000
018808414
019185609
019260903
017732290
017805543
016456105
016498406
016528417
016605763
016652546
016699338
016740358
016798317
016870102
017176182
015975881
016064325
012087854
020060615
020106427
020115944
020126746
020143561
020168876
020171236
020174566
020175157
020191979
020191990
020193084
018580968
018607544
018611847
018654051
018654074
019204794
019205398
019447503
019499678
019505421
019515127
019611378
019617531
019620921
019712246
019713058
019764559
019989253
020199455
020228948
020297233
020324114
020361393
020426808
020439451
020441935
020471127
020529456
020529474
020529912
020530003
020530006
020530009
020532226
020547508
020547529
020562003
020567064
017417191
018672783
018672989
018680785
018736270
018742426
018760093
018823502
018826682
018826702
018847540
018861144
018868074
018910972
018914468
018976124
018992868
018993110
019027491
019051872
019090270
019143742
019176439
019176465
019198182
019209062
019222758
019377228
019468804
019574021
019606172
019609121
019622893
019649150
019649170
019656697
016248296
016269170
016279155
016282933
016289968
016304975
016307126
016329940
017580852
017590540
017632136
017740356
017845286
017945350
017971504
017998294
018078338
018078350
018078367
018078380
018082938
018083066
018083233
018083237
018083348
018084889
018084946
018085049
018121203
018124273
018165840
018232381
018272949
018278739
018335177
018335188
018395020
016455918
016504955
016506771
016510717
016519995
016528364
016538224
016538557
016561777
016593784
016611518
016613245
016630574
016630741
016634070
016646785
016685841
016685846
016690448
016712637
016728828
016735063
016740368
016740375
016786357
016803751
016824077
016840983
016874848
016911714
016950022
016950658
017066823
017067750
017111109
017158479
017162733
017167784
017377146
017474285
017558331
015773602
015902269
015968566
016012393
016054980
016055895
016056803
016076150
016125755
016165744
016165802
016177919
016184300
016188184
016198853
016212994
016432605
016633531
014653531
020662654
018083245
018083313
020427377
016782701
015647724
020060627
020152085
020153041
019200186
019837631
019839713
019974912
020238429
020404634
020427979
020524649
020537418
020537555
020538432
018822808
018826689
018883161
018911301
019014151
019014154
019089834
019168182
019168186
019168187
019384127
017568453
017671101
018077684
018085993
018390873
018398629
016437923
016728859
017122510
020797991
019213457
017672281
018237422
016462717
016551003
018611846
018654084
019200160
019713259
019817926
019837297
019944469
020264335
020275869
020284229
017417044
017498372
018809032
018837207
018923333
018990029
019020552
019124955
019301569
019411175
019437397
019490819
019516739
019604882
019627377
019627426
019705558
017622222
017658826
017672271
017701243
017719160
017720945
017740954
017753661
017859175
017876878
018004002
018025473
018025474
018077801
018078375
018084868
018090610
018098224
018112133
018352331
016505946
016543341
016798263
016800037
016800113
016880927
016953620
016963610
016987268
017100115
017147892
017359588
017385792
017460624
017575958
015591341
016193856
020775965
020776017
016686000
016737493
016742947
016911724
016911747
017508553
016304345
016312479
