012431857
012431859
012431865
012431868
012431879
012432003
012432033
012432055
012432073
012432074
012432112
012432131
012432185
012432235
012432237
012432298
012432325
012432326
012432415
012432515
012432616
012432651
012432658
012432665
012432694
012432791
012432828
012432862
012433030
012433132
012433147
012433154
012433166
012433400
012433412
012433500
012433550
012433555
012433564
012433682
012433692
012433760
012433777
012433795
012433810
012433850
012433860
012433928
012433952
012434041
012434058
012434094
012434109
012434110
012434139
012434144
012434166
012434205
012434329
012434417
012434430
012434482
012434500
012434579
012434618
012434715
012434718
012434843
012434883
012434898
012434920
012434961
012434965
012434973
012434978
012435007
012435279
012907884
013089637
013217044
013338825
013338982
013339132
013339172
013339190
013339825
013339914
013339929
013340161
013341180
013341896
013342206
013342238
013343965
013343998
013344021
013344137
013344202
013344244
013344331
013344401
013344449
013344513
013344524
013344583
013344604
013344748
013344757
013344795
013344857
013344865
013344926
013344970
013345072
013345130
013345198
013345307
013345331
013345382
013345469
013345484
013345529
013345562
013345618
013345645
013345721
013345724
013345911
013346009
013346448
013346523
013347634
013347650
013347754
013347830
013349630
013349754
013350793
013351031
013351329
013351594
013351636
013351665
013351689
013351771
013351920
013351994
013352064
013352088
013352392
013352422
013352497
013352729
013353135
013353591
013353741
013354992
013355130
013355170
013355458
013355874
013356021
013356066
013356340
013356418
013356803
013357218
013357501
013357613
013357623
013358274
013358422
013359261
013360795
013360888
013361094
013361416
013361853
013362562
013363507
013363619
013364359
013365187
013367959
013367962
013477090
013497390
011459751
018606998
018607605
018613442
020530020
018815535
018822141
018822440
019200332
019228716
019675541
019675550
019675580
019675606
019675695
019675757
019675804
019675818
019675844
019676367
019676368
019676370
019676374
019676378
016259007
016281735
016413722
017658540
017743407
017759767
017867560
015211424
017008388
017067025
017110905
017368312
017371579
017371660
013690938
013741982
013742689
013747788
013748038
013768740
013772181
015300201
015384051
015882461
016003564
016043717
013820160
014512979
014582911
014687236
014687368
014798954
014870448
014907767
019436952
018929876
019147728
013344172
012088343
012432229
012433663
012433713
012434504
012434727
012435151
013336881
013338930
013339039
013339369
013339409
013339728
013339808
013340085
013340108
013340141
013340347
013340365
013340524
013341145
013341572
013341975
013342034
013342131
013342160
013342165
013342195
013342271
013343918
013343935
013343978
013344122
013344136
013344167
013344190
013344227
013344233
013344255
013344348
013344366
013344368
013344412
013344417
013344442
013344474
013344476
013344481
013344494
013344576
013344622
013344631
013344656
013344670
013344681
013344692
013344800
013344808
013344976
013345073
013345188
013345218
013345245
013345259
013345262
013345284
013345367
013345396
013345431
013345550
013345625
013345688
013345699
013345764
013345800
013345895
013345936
013345937
013345944
013347201
013347428
013347760
013349637
013349794
013350157
013351426
013352041
013352094
013352638
013352741
013353609
013355703
013356464
013356598
013357691
013358752
013359572
013361729
013362710
013363524
013363542
013363689
013364161
013364298
017146812
017368540
017375329
015608491
013481410
013352355
