012433541
012434258
014540450
013357469
012433652
012431786
012431797
012431812
012431830
012431905
012431941
012431946
012434235
012434259
012434298
013053951
013581948
012431974
012431997
012432002
012432022
012432085
012432669
012433594
012433970
012434476
012434655
012431802
012434671
013177490
016324167
012431801
012432049
012432297
012434275
013202493
013350764
015887535
014603803
014615743
012431877
012432650
012433102
012433431
013358245
013361837
015791626
012432577
017012885
014644937
014890023
012434419
013357652
015507366
012433103
013357557
012432097
012435136
013352068
015506702
016008296
012433724
012431937
012432293
012432792
012433588
012435047
013218052
013219284
015485662
015507269
015610201
015866460
016008307
016008413
016010722
013828211
012432281
013242232
014798277
012433647
016306959
013675284
016008954
013196724
016322347
015113779
016866121
016867411
016867424
016867503
016867573
016869839
016869856
016869971
016870013
015487852
012088513
012090099
012431908
012431961
012431973
012431977
012431986
012431995
012432006
012432061
012432062
012432070
012432080
012432092
012432164
012432188
012432196
012432226
012432254
012432263
012432287
012432288
012432360
012432401
012432470
012432474
012432481
012432483
012432496
012432588
012432592
012432597
012432612
012432668
012432702
012432739
012432754
012432777
012432817
012432819
012432851
012432860
012432883
012432897
012432907
012432946
012432966
012432985
012432987
012432997
012432999
012433049
012433051
012433100
012433133
012433137
012433169
012433180
012433189
012433340
012433359
012433398
012433521
012433523
012433526
012433527
012433537
012433542
012433547
012433549
012433553
012433565
012433599
012433603
012433611
012433659
012433665
012433674
012433689
012433698
012433711
012433721
012433737
012433743
012433752
012433771
012433813
012433834
012433835
012433841
012433849
012433854
012433872
012433889
012433896
012433904
012433923
012433940
012433947
012433949
012433951
012433972
012433975
012434053
012434074
012434112
012434123
012434126
012434159
012434163
012434288
012434289
012434299
012434317
012434360
012434362
012434368
012434380
012434395
012434409
012434416
012434418
012434454
012434463
012434499
012434510
012434564
012434568
012434578
012434580
012434581
012434590
012434643
012434652
012434658
012434664
012434683
012434706
012434733
012434748
012434764
012434772
012434776
012434778
012434786
012434787
012434847
012434849
012434858
012434861
012434862
012434864
012434867
012434880
012434882
012434886
012434887
012434890
012434917
012434918
012434919
012434925
012434927
012434929
012434937
012434970
012434971
012434972
012434975
012434996
012434999
012435069
012435090
012435097
012435100
012435129
012435131
012435137
012435256
012435258
012435275
012905477
012908637
012910468
012916625
012918478
012923159
012923175
012923711
012957231
012957279
012957308
012957326
012957337
012957357
012957368
013013939
013035969
013037074
013068149
013088274
013089722
013089727
013090304
013093921
013104225
013104284
013123310
013133324
013134362
013134414
013135357
013138713
013167671
013181070
013183437
013184368
013192628
013192685
013196377
013196400
013196694
013202486
013203196
013203270
013209319
013209337
013209476
013209597
013209772
013209779
013209784
013209791
013212978
013214696
013216796
013216825
013216903
013244310
013249223
013250175
013251796
013272354
013288956
013308661
013310195
013345643
013350001
013351682
013352330
013352419
013352719
013352856
013353858
013353864
013355701
013355839
013355905
013356229
013356622
013356731
013356750
013357112
013357222
013357293
013357472
013357473
013357480
013357499
013357520
013357533
013357540
013357548
013357571
013357578
013357617
013357629
013357642
013357646
013357668
013357673
013357681
013358362
013358524
013359128
013359155
013359193
013359312
013359313
013359440
013359489
013359727
013360790
013360909
013361710
013361940
013362598
013362724
013362738
013362853
013363055
013363425
013363533
013363549
013363673
013363868
013363978
013364019
013364258
013364355
013364718
013364740
013364815
013365018
013365065
013367135
013367905
013372192
013380304
013385466
013401471
013405588
013406353
013427411
013434203
013438586
013440865
013446254
013446942
013447114
013451753
013452739
013458290
013463019
013463827
013467263
013467656
013489893
013490966
013493949
013494189
013496498
013496779
013496841
013499043
013508793
013554510
013571050
013599953
011457917
011457924
011457964
011459774
011459786
005417877
005478123
019620791
019675661
017535605
016283336
016288811
016289492
016289595
016289608
016289651
016289666
016289721
016289749
016289756
016289762
016298246
016302397
016306635
016323948
016324348
016335993
016386501
018015386
018192830
018192832
015106772
015106957
015113718
015113917
015118786
016561771
016641508
016641518
016782490
016804586
016867479
016867552
017014212
017368359
017368421
017368725
017374681
017375230
017375318
013611076
013611329
013668494
013674558
013681805
013682278
013682868
013686358
013686471
013686657
013688690
013690556
013693293
013693964
013695674
013697041
013697746
013705507
013706999
013708299
013709932
013710026
013716628
013716921
013747627
013750164
013768584
013804727
015300579
015301456
015303686
015303737
015303812
015324968
015328259
015388161
015450324
015450706
015461614
015477522
015480874
015485749
015485933
015485934
015485962
015486014
015486206
015487736
015496384
015496417
015496474
015496485
015496540
015496582
015496628
015496643
015496661
015496664
015496672
015496865
015496901
015496936
015496963
015496964
015497000
015497045
015498838
015498846
015498909
015501385
015501741
015501745
015501766
015501808
015501830
015507293
015507400
015507407
015509009
015509023
015509095
015509125
015509219
015509687
015509705
015509776
015510053
015510066
015510161
015512720
015512819
015513539
015513595
015513629
015514080
015514146
015514215
015514348
015515124
015525275
015528952
015568964
015586403
015603450
015609852
015632616
015633586
015661507
015666030
015730786
015730987
015738137
015783339
015786583
015798434
015802927
015828182
015828288
015848916
015855244
015878643
015883238
015883377
015886289
015898432
015898711
015967189
015967229
015985649
015994041
015994056
015994291
015994399
016003282
016006384
016006415
016006439
016006441
016006581
016006588
016006596
016006626
016006636
016006641
016006651
016006713
016006732
016006749
016006766
016006812
016006939
016007209
016007319
016008023
016008025
016008033
016008036
016008061
016008392
016008496
016008525
016008876
016008885
016008930
016032575
016033411
016033580
016063761
016063842
016063869
016064214
016064505
016093467
013942796
014237373
014274348
014459525
014465152
014471229
014489381
014489661
014573734
014577380
014582470
014582567
014583040
014588018
014588094
014595081
014597097
014597421
014597553
014604613
014606342
014678528
014681582
014685081
014689992
014761503
014761642
014789362
014796607
014856985
014938776
012432304
012433116
012957969
013357145
015102364
015303623
012434369
016064397
016322093
017877753
015828127
013357264
012089073
012432379
012432882
012433065
012433707
012433788
012433806
012433842
012433922
012435073
012435199
013055368
013089544
013176220
013350188
013351264
013352267
013352811
013355798
013357329
013357515
013357524
013357534
013357566
013357567
013357605
013357608
013357666
013357669
013357800
013358205
013358357
013358509
013358537
013359135
013359156
013360851
013360938
013361295
013361431
013361973
013362098
013362560
013363170
013363344
013363443
013363495
013364174
013367247
013496895
013529650
018595079
017858478
015450437
015855211
015949334
016007066
014511974
014535230
014538307
014538391
014574006
014601048
012432106
012432182
012432849
012433974
012434911
012920470
013082355
013138734
013209414
013209575
013224836
013347646
013350088
013352146
013352431
013352828
013352844
013352859
013355055
013356492
013357474
013357486
013357488
013357494
013357500
013357506
013357509
013357521
013357525
013357535
013357594
013357600
013357614
013361942
013365082
013443797
013477774
016281915
016324160
016450059
013617736
013696167
013697429
015441143
015441153
015501346
015507378
015510090
015789255
016007101
016008433
016008805
016010707
016207999
014573782
013217018
014504682
015844271
018475633
018613281
019172846
018124239
014868119
016296318
018315271
018660228
014766674
014588032
014786423
014684576
014615778
012432319
012433155
012433339
012433376
012433540
012433812
012433971
012434108
012435133
013089758
013090371
013167713
013357639
013405604
013501100
016283190
018121034
013716814
013737619
016008078
016008080
012431923
012432110
012432841
012434102
018607620
016306137
016314531
016314558
016648435
016867316
013697392
013706077
015501425
015666138
015828159
016006910
013819702
014496417
014689237
012088085
012088511
012088816
012089348
012089564
012089889
012431819
012431873
012431875
012431878
012431880
012431883
012431884
012431887
012431910
012431928
012431931
012431932
012431940
012431944
012431948
012431949
012431958
012431969
012431971
012431992
012431993
012431994
012431996
012432004
012432024
012432036
012432039
012432042
012432044
012432045
012432047
012432052
012432060
012432071
012432072
012432079
012432084
012432087
012432096
012432104
012432120
012432121
012432128
012432134
012432136
012432138
012432139
012432140
012432149
012432150
012432151
012432156
012432157
012432158
012432159
012432163
012432165
012432166
012432167
012432168
012432172
012432173
012432175
012432176
012432177
012432180
012432190
012432192
012432198
012432208
012432220
012432231
012432232
012432240
012432241
012432244
012432249
012432250
012432257
012432260
012432261
012432265
012432283
012432284
012432294
012432296
012432299
012432302
012432305
012432308
012432310
012432311
012432314
012432316
012432320
012432322
012432332
012432334
012432335
012432336
012432337
012432338
012432348
012432362
012432364
012432372
012432373
012432376
012432382
012432389
012432395
012432396
012432398
012432400
012432403
012432404
012432413
012432414
012432420
012432426
012432429
012432434
012432444
012432451
012432452
012432453
012432500
012432501
012432502
012432503
012432520
012432527
012432532
012432536
012432540
012432541
012432543
012432544
012432546
012432547
012432548
012432551
012432552
012432553
012432554
012432555
012432556
012432557
012432558
012432566
012432569
012432582
012432583
012432587
012432589
012432593
012432598
012432599
012432600
012432601
012432602
012432604
012432614
012432615
012432618
012432619
012432620
012432621
012432623
012432625
012432637
012432642
012432643
012432644
012432653
012432654
012432659
012432664
012432667
012432670
012432671
012432675
012432680
012432681
012432683
012432686
012432691
012432711
012432716
012432720
012432725
012432726
012432731
012432740
012432741
012432743
012432746
012432749
012432750
012432753
012432758
012432760
012432761
012432765
012432769
012432770
012432772
012432775
012432779
012432783
012432786
012432803
012432805
012432811
012432813
012432814
012432815
012432818
012432822
012432825
012432827
012432830
012432839
012432843
012432845
012432870
012432878
012432886
012432889
012432891
012432893
012432902
012432903
012432904
012432912
012432915
012432917
012432918
012432921
012432924
012432925
012432928
012432934
012432938
012432940
012432943
012432954
012432962
012432965
012432970
012432971
012432973
012432974
012432984
012432986
012432988
012432991
012432993
012432994
012432996
012433001
012433003
012433012
012433013
012433014
012433016
012433017
012433018
012433019
012433020
012433024
012433025
012433027
012433032
012433041
012433047
012433056
012433061
012433062
012433069
012433082
012433086
012433088
012433089
012433094
012433097
012433098
012433099
012433108
012433109
012433110
012433113
012433120
012433122
012433123
012433129
012433134
012433138
012433140
012433141
012433142
012433146
012433157
012433158
012433161
012433164
012433171
012433172
012433173
012433178
012433192
012433203
012433338
012433345
012433352
012433353
012433355
012433362
012433367
012433372
012433374
012433379
012433381
012433394
012433399
012433405
012433406
012433407
012433411
012433413
012433418
012433421
012433426
012433429
012433430
012433432
012433434
012433436
012433438
012433443
012433444
012433445
012433449
012433450
012433453
012433454
012433455
012433456
012433457
012433460
012433461
012433464
012433467
012433468
012433470
012433472
012433474
012433476
012433477
012433478
012433479
012433482
012433483
012433485
012433486
012433488
012433491
012433492
012433493
012433495
012433496
012433499
012433501
012433503
012433504
012433505
012433506
012433507
012433509
012433511
012433512
012433516
012433518
012433522
012433530
012433535
012433545
012433558
012433559
012433560
012433568
012433569
012433593
012433601
012433604
012433609
012433614
012433615
012433624
012433625
012433626
012433631
012433634
012433637
012433640
012433649
012433650
012433651
012433653
012433657
012433661
012433667
012433670
012433673
012433675
012433677
012433680
012433683
012433684
012433687
012433694
012433696
012433701
012433702
012433705
012433714
012433716
012433717
012433725
012433728
012433730
012433736
012433739
012433748
012433766
012433768
012433769
012433774
012433778
012433779
012433787
012433794
012433798
012433807
012433811
012433819
012433830
012433831
012433836
012433838
012433840
012433853
012433858
012433861
012433863
012433867
012433878
012433895
012433900
012433903
012433905
012433911
012433913
012433921
012433935
012433939
012433954
012433959
012433967
012433969
012433991
012433992
012433993
012433995
012433998
012434004
012434005
012434006
012434007
012434022
012434026
012434028
012434040
012434043
012434047
012434051
012434052
012434059
012434075
012434076
012434077
012434086
012434091
012434093
012434095
012434098
012434107
012434114
012434115
012434116
012434120
012434124
012434128
012434133
012434136
012434137
012434138
012434141
012434143
012434147
012434149
012434151
012434153
012434162
012434164
012434170
012434171
012434174
012434175
012434180
012434186
012434189
012434193
012434195
012434197
012434199
012434204
012434221
012434226
012434245
012434246
012434248
012434249
012434250
012434253
012434256
012434257
012434261
012434266
012434267
012434269
012434273
012434278
012434280
012434284
012434285
012434287
012434290
012434291
012434306
012434313
012434314
012434315
012434318
012434320
012434321
012434324
012434327
012434331
012434332
012434333
012434334
012434336
012434337
012434341
012434346
012434347
012434351
012434359
012434361
012434363
012434364
012434367
012434371
012434372
012434373
012434374
012434375
012434378
012434379
012434393
012434394
012434400
012434403
012434410
012434414
012434415
012434421
012434422
012434424
012434431
012434432
012434433
012434436
012434438
012434439
012434445
012434450
012434466
012434467
012434468
012434469
012434472
012434477
012434483
012434484
012434485
012434486
012434487
012434488
012434489
012434490
012434491
012434492
012434493
012434494
012434495
012434496
012434497
012434512
012434519
012434528
012434533
012434534
012434538
012434540
012434541
012434543
012434544
012434546
012434552
012434555
012434556
012434562
012434563
012434569
012434587
012434591
012434592
012434594
012434595
012434596
012434597
012434598
012434600
012434603
012434604
012434608
012434622
012434623
012434628
012434632
012434636
012434642
012434646
012434648
012434654
012434656
012434659
012434669
012434670
012434672
012434674
012434678
012434679
012434681
012434684
012434688
012434693
012434696
012434699
012434700
012434702
012434703
012434707
012434721
012434740
012434741
012434743
012434749
012434752
012434754
012434759
012434761
012434763
012434770
012434777
012434779
012434780
012434781
012434782
012434784
012434785
012434795
012434799
012434803
012434806
012434807
012434808
012434811
012434813
012434814
012434816
012434817
012434818
012434821
012434823
012434826
012434827
012434828
012434829
012434831
012434833
012434834
012434838
012434844
012434850
012434852
012434857
012434859
012434870
012434873
012434893
012434894
012434902
012434903
012434904
012434912
012434914
012434916
012434921
012434924
012434942
012434948
012434954
012434956
012434960
012434962
012434964
012434966
012434976
012434981
012434982
012434984
012434987
012434988
012434989
012434998
012435002
012435014
012435017
012435023
012435026
012435032
012435038
012435040
012435043
012435044
012435045
012435046
012435048
012435049
012435051
012435052
012435054
012435055
012435056
012435059
012435060
012435061
012435067
012435086
012435087
012435095
012435099
012435101
012435102
012435103
012435106
012435107
012435108
012435115
012435119
012435122
012435123
012435128
012435130
012435134
012435135
012435139
012435140
012435143
012435144
012435147
012435148
012435153
012435162
012435163
012435166
012435173
012435175
012435177
012435178
012435179
012435182
012435183
012435185
012435187
012435195
012435198
012435200
012435201
012435202
012435203
012435204
012435206
012435211
012435221
012435222
012435225
012435227
012435228
012435243
012435249
012435250
012435254
012435260
012435265
012435267
012435268
012435271
012435276
012435282
012435286
012435287
012435288
012435295
012435298
012435299
012435301
012900091
012900665
012907166
012907867
012908471
012911843
012915754
012920416
012921310
012922581
012924356
012928928
012957151
012957182
012957188
012974885
013034676
013065398
013066330
013076981
013082066
013088050
013088779
013089170
013089245
013089338
013089347
013089428
013089440
013089486
013089529
013089626
013089652
013089707
013089709
013089716
013089717
013089729
013089746
013089750
013090656
013091034
013091404
013091568
013091591
013093759
013093849
013093911
013094058
013095478
013095561
013096071
013096489
013101551
013102505
013103340
013104014
013104928
013105245
013109385
013111416
013113813
013113838
013122191
013123274
013132380
013133313
013133414
013135309
013139527
013167158
013171922
013174377
013179221
013179374
013181724
013183196
013192750
013196541
013201923
013202477
013205084
013209458
013209633
013209667
013209794
013212452
013214956
013215031
013219477
013220438
013247763
013249150
013277246
013281053
013285176
013287339
013290107
013299243
013299647
013304742
013304982
013322098
013325833
013334949
013338701
013340536
013342054
013342193
013344195
013344228
013344438
013344439
013344459
013344499
013344516
013344551
013344739
013344744
013344809
013345126
013345154
013345274
013345313
013345350
013345420
013345428
013345567
013345606
013345612
013345636
013345663
013345754
013345769
013345809
013345837
013345858
013345950
013345959
013345967
013345973
013345985
013345998
013346018
013346037
013346317
013346331
013346353
013346369
013346546
013346578
013346606
013347203
013347207
013347211
013347284
013347301
013347322
013347396
013347445
013347454
013347480
013347484
013347496
013347503
013347536
013347559
013347617
013347636
013347669
013347749
013347771
013347865
013347880
013347888
013347928
013347955
013347972
013349603
013349616
013349670
013349694
013349761
013349798
013349811
013349862
013349915
013349917
013349925
013350008
013350116
013350118
013350174
013350312
013350346
013350385
013350724
013350775
013350930
013351070
013351185
013351198
013351243
013351260
013351285
013351316
013351347
013351349
013351379
013351409
013351413
013351425
013351440
013351446
013351452
013351453
013351478
013351525
013351528
013351571
013351599
013351621
013351648
013351666
013351700
013351704
013351725
013351753
013351774
013351849
013351893
013351894
013351951
013351965
013351967
013351976
013351977
013352000
013352017
013352018
013352025
013352029
013352031
013352043
013352058
013352060
013352061
013352062
013352065
013352066
013352069
013352071
013352072
013352073
013352074
013352076
013352077
013352080
013352081
013352082
013352085
013352086
013352087
013352090
013352091
013352093
013352095
013352097
013352098
013352100
013352101
013352103
013352104
013352106
013352107
013352110
013352111
013352112
013352113
013352114
013352115
013352118
013352123
013352125
013352126
013352130
013352131
013352132
013352134
013352135
013352139
013352142
013352143
013352144
013352147
013352149
013352176
013352208
013352243
013352257
013352277
013352283
013352319
013352333
013352344
013352354
013352401
013352455
013352479
013352510
013352532
013352533
013352553
013352563
013352572
013352619
013352658
013352670
013352695
013352725
013352736
013352756
013352782
013352795
013352797
013352806
013352816
013352821
013352827
013352831
013352835
013352843
013353060
013353074
013353092
013353104
013353112
013353116
013353123
013353141
013353158
013353159
013353177
013353238
013353262
013353278
013353298
013353433
013353536
013353561
013353568
013353599
013353612
013353617
013353621
013353629
013353642
013353648
013353678
013353702
013353714
013353745
013353765
013353779
013353787
013353806
013353807
013353821
013353855
013353860
013353863
013353875
013353880
013354942
013354945
013354946
013354949
013354951
013354963
013355007
013355035
013355048
013355065
013355084
013355087
013355094
013355101
013355111
013355148
013355198
013355203
013355209
013355239
013355245
013355247
013355304
013355333
013355357
013355446
013355456
013355502
013355519
013355538
013355554
013355569
013355592
013355642
013355648
013355675
013355793
013355801
013355860
013355875
013355916
013355930
013355954
013356000
013356003
013356084
013356087
013356333
013356336
013356368
013356397
013356443
013356477
013356525
013356546
013356568
013356586
013356589
013356613
013356623
013356631
013356719
013356729
013356732
013356742
013356757
013356766
013356768
013356810
013356818
013356824
013356845
013356872
013356894
013356919
013356936
013356957
013356977
013356983
013357042
013357050
013357083
013357097
013357128
013357151
013357176
013357178
013357209
013357212
013357312
013357415
013357420
013357432
013357439
013357451
013357458
013357462
013357467
013357470
013357471
013357475
013357476
013357477
013357478
013357479
013357481
013357482
013357483
013357484
013357485
013357487
013357489
013357490
013357491
013357492
013357493
013357496
013357497
013357498
013357504
013357513
013357523
013357526
013357529
013357531
013357537
013357538
013357539
013357541
013357544
013357545
013357547
013357549
013357550
013357551
013357552
013357554
013357556
013357558
013357559
013357560
013357561
013357562
013357563
013357565
013357575
013357576
013357577
013357581
013357583
013357584
013357588
013357589
013357590
013357591
013357592
013357593
013357595
013357601
013357604
013357607
013357610
013357611
013357612
013357618
013357620
013357622
013357625
013357626
013357627
013357628
013357632
013357634
013357636
013357637
013357638
013357640
013357641
013357643
013357644
013357645
013357649
013357650
013357651
013357653
013357655
013357657
013357658
013357660
013357661
013357663
013357664
013357665
013357667
013357672
013357674
013357676
013357677
013357680
013357682
013357683
013357684
013357686
013357687
013357689
013357693
013357713
013357761
013357817
013357842
013357933
013358087
013358123
013358165
013358177
013358324
013358398
013358474
013358773
013358787
013358821
013358835
013358846
013358862
013358901
013358932
013358933
013358947
013358968
013359054
013359075
013359096
013359109
013359113
013359172
013359188
013359197
013359199
013359276
013359292
013359360
013359381
013359408
013359441
013359468
013359715
013359717
013360787
013360792
013360805
013360821
013360826
013360861
013360894
013360901
013360911
013360939
013360952
013361022
013361038
013361064
013361081
013361138
013361175
013361202
013361203
013361244
013361252
013361285
013361326
013361397
013361457
013361470
013361508
013361509
013361525
013361550
013361556
013361627
013361631
013361718
013361740
013361743
013361782
013361796
013361804
013361805
013361809
013361811
013361826
013361927
013361951
013361984
013362036
013362092
013362264
013362284
013362317
013362357
013362372
013362501
013362516
013362524
013362530
013362538
013362555
013362556
013362571
013362574
013362609
013362679
013362712
013362727
013362733
013362793
013362795
013362796
013362810
013362858
013362867
013362875
013362876
013362981
013362994
013363174
013363188
013363194
013363206
013363236
013363255
013363281
013363289
013363309
013363319
013363327
013363341
013363360
013363378
013363390
013363409
013363463
013363498
013363536
013363558
013363561
013363570
013363573
013363575
013363623
013363657
013363741
013363750
013363829
013363839
013363874
013363890
013363915
013363959
013363973
013364016
013364084
013364101
013364118
013364153
013364191
013364216
013364226
013364255
013364272
013364394
013364409
013364422
013364423
013364663
013364748
013364755
013364847
013364872
013364926
013364940
013364975
013364976
013365005
013365030
013365040
013365101
013365110
013365209
013365221
013365238
013365247
013365259
013365261
013366809
013366867
013366887
013366920
013366948
013367010
013367046
013367068
013367079
013367091
013367116
013367269
013367401
013367846
013367877
013367927
013367938
013367980
013378174
013378214
013378508
013379400
013379705
013380175
013380183
013381373
013382619
013383812
013384720
013384834
013388863
013389165
013389179
013404699
013405489
013405573
013405615
013406190
013417674
013418163
013418308
013425667
013427345
013427447
013427761
013429333
013430169
013430729
013430925
013430944
013432554
013434103
013434280
013440805
013440852
013442366
013443638
013446403
013447095
013448839
013450059
013452246
013452464
013452527
013452713
013453361
013453474
013454153
013457437
013457684
013458300
013458522
013458600
013460421
013460523
013460580
013460837
013463437
013463444
013463509
013463787
013463840
013464113
013465167
013465306
013466217
013466242
013466351
013466661
013467068
013467175
013467233
013468349
013471638
013472036
013472324
013473158
013473230
013477072
013478174
013478272
013478316
013481705
013486819
013486872
013488484
013488597
013491300
013492843
013495566
013496271
013496448
013496814
013497037
013497129
013497159
013497557
013499082
013499166
013500832
013503321
013505643
013505957
013505977
013508858
013516407
013516551
013519561
013521064
013521067
013521930
013525173
013528094
013529671
013530274
013530388
013546121
013546404
013548377
013548433
013549022
013550192
013550603
013555876
013558217
013562006
013566599
013569406
013570452
013571785
013581226
013588058
013588285
013590823
013590846
013590931
011457933
011458018
011458051
011458063
011458157
011458597
011459769
011459778
011459818
011459893
007885014
005421983
020184252
018606867
018606878
018606896
018606900
018607008
018607694
018607810
018611322
018613031
018613039
018613055
018613070
019200410
019200688
019364791
017439863
018761502
018800165
018872736
018971543
019172868
019198122
019198178
019673068
016260260
016273476
016277782
016277806
016277835
016279177
016279376
016279617
016281651
016281756
016281940
016281954
016282033
016282062
016282087
016282510
016282527
016282539
016282554
016282596
016282663
016282803
016282814
016282862
016282882
016282905
016282912
016282928
016282944
016282954
016282961
016282973
016283047
016283080
016283206
016283357
016283375
016283404
016283413
016283459
016283473
016283488
016283523
016283576
016283587
016283610
016283646
016283789
016283796
016283808
016285381
016285420
016285468
016285474
016285519
016285542
016285557
016285575
016285689
016285717
016288838
016288853
016288865
016289069
016289332
016289348
016289380
016289398
016289425
016289441
016289477
016289532
016289539
016289580
016289733
016297127
016298214
016298270
016298297
016298404
016302254
016302420
016305344
016305382
016305408
016305429
016306141
016306428
016306439
016306609
016306682
016307063
016307075
016307211
016307225
016307283
016309185
016309205
016309327
016309343
016311899
016311990
016312026
016312321
016312779
016312815
016312843
016313003
016313021
016314515
016314592
016314610
016318108
016318541
016322060
016322073
016322130
016322190
016322230
016322266
016322332
016322512
016322554
016322570
016323880
016323886
016323893
016323906
016323924
016323952
016324164
016324176
016324187
016324188
016324192
016324194
016324196
016324200
016324252
016324314
016324317
016324321
016324330
016324361
016324380
016326620
016332887
016335955
016416608
016417178
016420635
017633972
017657762
017657775
017657828
017665125
017670679
017670855
017671109
017671123
017672532
017673757
017683867
017700512
017703342
017712741
017712993
017713953
017721772
017721834
017721869
017737256
017737257
017742380
017746057
017748178
017748302
017757220
017757354
017757386
017758160
017758163
017759714
017845188
017867656
017887772
017899484
017899773
017900479
017976259
017993253
018008008
018015379
018015665
018070483
018085710
018096982
018120912
018120974
018120985
018121057
018129414
018129427
018129440
018176836
018180344
018192825
018218382
018338559
018338574
018338683
018431499
015101340
015101407
015102540
015105639
015105664
015110782
015113852
015113907
015114813
015120401
015120955
015211236
015246568
015263962
015284754
015285214
015288573
015290082
016436387
016436997
016450253
016452901
016452930
016459257
016500285
016519795
016545651
016545663
016545668
016545675
016552531
016553924
016567256
016583573
016587445
016593475
016611059
016613345
016623092
016623255
016624265
016631693
016634059
016636571
016636603
016636621
016636673
016636710
016636808
016636887
016636907
016636968
016636987
016637004
016637055
016637071
016637460
016637474
016637487
016637512
016637946
016637980
016641149
016641286
016641304
016641335
016641451
016641484
016648463
016710845
016711152
016777006
016782560
016803539
016807321
016840900
016866055
016866128
016867317
016867334
016867352
016867381
016867594
016869777
016869869
016889939
016899928
016953712
016958669
017003708
017008371
017008381
017008411
017008486
017012813
017012853
017012951
017013683
017013960
017014045
017014104
017014195
017014211
017014640
017017205
017020771
017043306
017070655
017070665
017070693
017132426
017132515
017147718
017175935
017364086
017365886
017365954
017366012
017368275
017368317
017368620
017368993
017373611
017373755
017373856
017374628
017374691
017375237
017375293
017379702
013601067
013610637
013610987
013612442
013614442
013615824
013619694
013633266
013636883
013636968
013637386
013637753
013637756
013637774
013637781
013642592
013646371
013647049
013649587
013652428
013659016
013659043
013668079
013671885
013673361
013674930
013675318
013675441
013680164
013681641
013682527
013682747
013682974
013685012
013686173
013686220
013686412
013686534
013686571
013686734
013687439
013690327
013690612
013691207
013691965
013693479
013694042
013696431
013696914
013697064
013697108
013697738
013697937
013700472
013700964
013701728
013704103
013705419
013705559
013705708
013706338
013706968
013707069
013707130
013707162
013707667
013707743
013708181
013708373
013708513
013708550
013708658
013710102
013710856
013710873
013710921
013711667
013711857
013712941
013714760
013732190
013733557
013737168
013737325
013739678
013740222
013742337
013742512
013742533
013742941
013743402
013743484
013750729
013750885
013751048
013754613
013755071
013755149
013755328
013755406
013757755
013758037
013763252
013763422
013763451
013763499
013765042
013765390
013766785
013771838
013774375
013775005
013776111
013777904
013780118
013782823
013783120
013796345
013803529
013804597
013804898
013806707
013807011
013807363
013807505
015293919
015299767
015301320
015301342
015303483
015303561
015324988
015325708
015328173
015328417
015328677
015328750
015328794
015328823
015328831
015329882
015331290
015331327
015338677
015343440
015344883
015350133
015370221
015449795
015450985
015454279
015456151
015463708
015469950
015482290
015485274
015485775
015486006
015486235
015486295
015486303
015486367
015486406
015486422
015487644
015487845
015487886
015487927
015491100
015496356
015496357
015496391
015496396
015496443
015496460
015496512
015496516
015496548
015496651
015496917
015496919
015496937
015496979
015497013
015498943
015501271
015501349
015501360
015501362
015501415
015501494
015501763
015501794
015501953
015506632
015506728
015507193
015507224
015507337
015507426
015509062
015509066
015509155
015509658
015509668
015509712
015509787
015509846
015509911
015513618
015514090
015514454
015523977
015525039
015525129
015525225
015525267
015525283
015525631
015525748
015534411
015548801
015561373
015570391
015576591
015582419
015585424
015603381
015608326
015608383
015610242
015613607
015621978
015628394
015633142
015633257
015633622
015633958
015666080
015699365
015702365
015722224
015726706
015737927
015757264
015791522
015791906
015792157
015792435
015793909
015796999
015798183
015798361
015800375
015801428
015802787
015818892
015828041
015828226
015828259
015844678
015845124
015848780
015848934
015855005
015858095
015866372
015866443
015866518
015866732
015873013
015878586
015878696
015883077
015883279
015883405
015887468
015898388
015898524
015898579
015898667
015961246
015966486
015967106
015985572
015993684
015994044
015994064
015994066
015994085
015994141
015994175
015994177
015994191
015994252
015994275
015994347
015994769
015994935
015994945
015994995
015996889
015998889
016006387
016006414
016006422
016006424
016006436
016006437
016006489
016006495
016006497
016006524
016006527
016006533
016006572
016006586
016006647
016006668
016006678
016006696
016006704
016006759
016006779
016006801
016006825
016006927
016006946
016007243
016007265
016007297
016008007
016008010
016008047
016008099
016008123
016008288
016008299
016008352
016008357
016008378
016008460
016008796
016008813
016008825
016008832
016008840
016008842
016008854
016008860
016008895
016008912
016008932
016008971
016008984
016010667
016010693
016018180
016027817
016032216
016032467
016032497
016033446
016033485
016033513
016033603
016063741
016063958
016063976
016064240
016064270
016064311
016064334
016064349
016064451
016064470
016065150
016065530
016065922
016067198
016129125
016207223
013808844
013812160
013813570
013819384
013821889
013833280
013835492
013835726
013952183
014017531
014051213
014058364
014098910
014201973
014202070
014234537
014236553
014237784
014340191
014342879
014374295
014406691
014408477
014409336
014459602
014459747
014467746
014468015
014468502
014471950
014473951
014475073
014476927
014483292
014483492
014491623
014496773
014497868
014502332
014507119
014517166
014517889
014521209
014521654
014527951
014535969
014536205
014540438
014540440
014540442
014540443
014540445
014540446
014540448
014540455
014540463
014540465
014540466
014540471
014540494
014540505
014540514
014540525
014540539
014540544
014540558
014540608
014540633
014540648
014540681
014540727
014540785
014541082
014541279
014541290
014541321
014541412
014565153
014565795
014571276
014573325
014574223
014576999
014577183
014578905
014582234
014582524
014583187
014583418
014584962
014585285
014585647
014587719
014588070
014588192
014591500
014592962
014597152
014597311
014597561
014602702
014602769
014603093
014603518
014606338
014613682
014613866
014615708
014615760
014619483
014623106
014623257
014629094
014632637
014639889
014645139
014653972
014654281
014654525
014654647
014658031
014665776
014665799
014678318
014678355
014678468
014682478
014682679
014687305
014687484
014687633
014687969
014688414
014689204
014690478
014695406
014695497
014695541
014695545
014695570
014696163
014704539
014748281
014750751
014756849
014758738
014762133
014762267
014763473
014763480
014763506
014763623
014764022
014766914
014767425
014769459
014779587
014784616
014784660
014786452
014787410
014797130
014797133
014797139
014797235
014797253
014798001
014798010
014854232
014855321
014859562
014859936
014859942
014862529
014862549
014869659
014882672
014886134
014890603
014890652
014893065
014905858
014907298
014916951
014917150
014928561
014934181
014936425
014936583
014941223
020760649
020760996
012432809
012434734
013345648
013350811
013350865
013352092
013352148
013352413
013352525
013352686
013352721
013352820
013353050
013353175
013353297
013355802
013355940
013356789
013357195
013357609
013359706
013359712
013360783
013360803
013360956
013362805
013363551
013364647
013472159
011457963
016268923
017673755
016450098
016450353
016637118
017008343
015367568
016008373
016189203
013952615
014695430
012434775
012434832
017014650
012432549
018112012
018246204
017721876
016008996
014482741
019200161
016466702
017547781
012432471
011482703
018719384
019172832
019179097
017847224
018316205
018317286
017348484
020679237
019172853
019198167
019675533
018178176
012432466
012433170
012433531
012433610
012434146
012435212
012912737
013357648
013357690
013358930
013498486
013568937
020127585
020167245
018606888
018606914
018613017
018647330
019200377
019611408
019626893
017551755
018719448
018936984
019641475
016307099
017683130
017691755
017691846
017691849
017691859
017702109
017703319
017751230
017757363
017758164
018159071
018190636
018335197
016523526
016523530
016866090
016866108
016866115
016869757
017014128
017014696
017014757
017113891
017365744
013700957
013716983
013757547
013357376
012432824
016335857
012432562
012431945
012431962
012432058
012432189
012432425
011458423
012431890
012432448
012431989
012434641
011459814
013356932
012917157
013347363
016010686
012432816
013127829
012431893
012432008
012432127
012432144
012432200
012432438
012432450
012432528
012432591
012432657
012432867
012432922
012433005
012433048
012433087
012433124
012433366
012433475
012433608
012433755
012433852
012434218
012434326
012434356
012434753
012434837
012434888
012434934
012434979
012435003
012435291
012905390
012914354
012920852
012961443
013128196
013139643
013175997
013184332
013192536
013192715
013216934
013218028
013219596
013342092
013350524
013351014
013352129
013352145
013353831
013354960
013356105
013356596
013356702
013357569
013357572
013357586
013357597
013357606
013357624
013357630
013357631
013357647
013358390
013359680
013361009
013361415
013361999
013362624
013363512
013363582
013363802
013363808
013364114
013365153
013368616
013416623
013443424
013447175
013462863
013477007
013508870
011453487
011458954
011459767
011459771
011459772
011459779
011459780
011459781
011459782
011459784
011459785
011459788
011459811
011459813
011459815
011459817
011459819
016289740
016305464
016313047
017368300
017368382
013766385
015303639
015353899
015388176
015435223
015487791
015497035
015568186
015581768
015586378
015661397
015737556
015848902
015854934
015866936
015967061
015996770
015997066
016006469
016006731
016007307
016007989
016008049
016033425
014459883
014634754
014851388
012435244
013346029
013346390
013351424
013352184
013355688
013357495
016260279
017014752
017364057
015993631
012432923
012433156
013351701
013357543
013357596
013358546
015997025
016008308
017008298
014632774
012432700
013697683
015608432
015994372
015995075
012088421
012088572
012431882
012431899
012431911
012431916
012431964
012431991
012432117
012432170
012432199
012432201
012432202
012432215
012432253
012432256
012432279
012432285
012432289
012432295
012432361
012432368
012432390
012432391
012432393
012432412
012432436
012432437
012432441
012432446
012432447
012432454
012432458
012432477
012432478
012432487
012432497
012432514
012432518
012432523
012432530
012432564
012432570
012432571
012432590
012432617
012432622
012432624
012432638
012432639
012432678
012432696
012432701
012432717
012432719
012432734
012432735
012432745
012432748
012432807
012432853
012432858
012432876
012432877
012432881
012432901
012432908
012432952
012432959
012432961
012433006
012433008
012433009
012433015
012433022
012433023
012433052
012433070
012433071
012433084
012433085
012433093
012433105
012433130
012433200
012433344
012433349
012433350
012433354
012433385
012433386
012433392
012433447
012433448
012433497
012433502
012433508
012433534
012433544
012433556
012433574
012433582
012433639
012433685
012433738
012433784
012433915
012433942
012434001
012434024
012434050
012434090
012434092
012434161
012434201
012434203
012434214
012434217
012434229
012434234
012434244
012434251
012434252
012434270
012434302
012434312
012434322
012434376
012434451
012434453
012434525
012434531
012434532
012434557
012434558
012434583
012434584
012434585
012434601
012434614
012434626
012434657
012434666
012434686
012434689
012434698
012434720
012434739
012434745
012434854
012434868
012434884
012434892
012434907
012434939
012434941
012434983
012434985
012435000
012435005
012435006
012435008
012435010
012435029
012435075
012435085
012435091
012435092
012435150
012435167
012435168
012435181
012435186
012435188
012435193
012435207
012435209
012435210
012435213
012435214
012435215
012435216
012435217
012435218
012435219
012435220
012435242
012435252
012435290
012435296
012901554
012919856
012928200
012947422
013029827
013059927
013089540
013090039
013103240
013109675
013114946
013175989
013176071
013208338
013214992
013216394
013216857
013242178
013249188
013249978
013250299
013258008
013260602
013307853
013331807
013338869
013341730
013341827
013342123
013343932
013343945
013343964
013344020
013344321
013344962
013344990
013345114
013345129
013345221
013345341
013345409
013345442
013345489
013345558
013345559
013345561
013345563
013345587
013345632
013345686
013345762
013345823
013345853
013345868
013345898
013345963
013346088
013346130
013346159
013346185
013346389
013346408
013346567
013346805
013347343
013347467
013347483
013347515
013347591
013347895
013348008
013349559
013349688
013349705
013349742
013349885
013350021
013350119
013350509
013350581
013350583
013350612
013350622
013350623
013350673
013350742
013350813
013350830
013350892
013350920
013350997
013351018
013351138
013351183
013351356
013351434
013351730
013351910
013352006
013352014
013352055
013352067
013352089
013352099
013352117
013352119
013352121
013352124
013352246
013352258
013352677
013352684
013352798
013352807
013352855
013353747
013353784
013353793
013353823
013353868
013354964
013354967
013354969
013354970
013354972
013355018
013355128
013355145
013355574
013355861
013355894
013355919
013355966
013356248
013356355
013356420
013356428
013356445
013356479
013356503
013356513
013356543
013356550
013356655
013356704
013356712
013356763
013356927
013357038
013357235
013357269
013357344
013357444
013357518
013357522
013357528
013357530
013357532
013357555
013357568
013357580
013357582
013357585
013357587
013357599
013357619
013357621
013357654
013357656
013357670
013357671
013357807
013357898
013357908
013358068
013358237
013358280
013358283
013358376
013358974
013359217
013359530
013359600
013359642
013360796
013360813
013360919
013360944
013360947
013360969
013361167
013361320
013361383
013361511
013361558
013361651
013361681
013361697
013361737
013361887
013361978
013362345
013362395
013362469
013362601
013362614
013362666
013362862
013362982
013363234
013363252
013363415
013363419
013363562
013363567
013363697
013363716
013363780
013363781
013363782
013363813
013364092
013364913
013365145
013365199
013365203
013366936
013367038
013367052
013367118
013367168
013367896
013367921
013376823
013405563
013429428
013429511
013430630
013434630
013442003
013442080
013463567
013463612
013463677
013465587
013466697
013467104
013467793
013471959
013481520
013498404
013515578
013523790
013525220
013528262
013535058
013538216
013543124
013559526
013569514
011459497
011459766
011459768
011459776
011459787
011459806
011459812
011459816
005436527
016258772
016279249
016279536
016279575
016281387
016281441
016281608
016282497
016282826
016283550
016283601
016283654
016283672
016283707
016283744
016283775
016285397
016285485
016285598
016285630
016285707
016289342
016289412
016289765
016298139
016303118
016306953
016307134
016309304
016309380
016313027
016314485
016323845
016323902
017671416
017671454
017719168
017742381
015114940
015173925
015174193
015211366
016436441
016436466
016437635
016445248
016636821
016676461
016680074
016884548
016949992
017008510
017013648
017020701
017035025
017079517
017147731
017364048
017364069
017364090
017364113
017364128
017364168
017364222
017368551
017373791
017374387
013609302
013610913
013646365
013652177
013652621
013653032
013671619
013680372
013691003
013693313
013697002
013697757
013698908
013707588
013710009
013711747
013714378
013731783
013736949
013747566
013760810
013786633
015303438
015303542
015329284
015426097
015432009
015440787
015488794
015544486
015559198
015563599
015585230
015603316
015677072
015724592
015818878
015842997
015863410
015863481
015867153
015886089
015994101
015994163
015994209
015994246
015994298
015994312
015994316
015994326
015994336
015994350
015994427
015994464
015994602
015995040
015996769
015996775
015996780
015996799
015996811
015996964
015997087
015997111
015997130
016006446
016006467
016006872
016008544
016008591
016008783
016033553
016064199
016064219
016075280
016119675
016119731
016119755
016207467
016208136
016230916
013819807
013821545
014050722
014058260
014202219
014462411
014502018
014517147
014524182
014533103
014534979
014540441
014540796
014570566
014573445
014585546
014587876
014591148
014599747
014609722
014628547
014678999
014688413
014693950
014699018
014699787
014763844
014785260
014878410
014882968
014907367
014907842
014914497
014928624
012433079
012435149
012435226
016282546
012433577
012434305
013203339
013344823
017014788
012432656
017014732
012433168
013089329
013758125
013187042
012434605
013192479
012434408
016065888