015852315
012900329
013675981
019951892
012925915
012966054
012966256
013081599
013191796
013197925
013262673
013319479
017742377
018083137
013742805
014534693
020530018
017128422
013749248
013802239
014083606
014636823
014802460
014919860
012980201
016324171
014409635
019836750
016323839
018809036
018872741
015102408
013516372
016563872
017701228
017030884
015370405
019620037
014540166
013298981
016133533
017701222
016567228
016583726
016867455
016097358
014893077
012088548
012088550
012088551
012088571
012088582
012088584
012088623
012089518
012089884
012089885
012089887
012089900
012089902
012089904
012089905
012089907
012089909
012089914
012089915
012089918
012089919
012089921
012089932
012090083
012090086
012090465
012900608
012902218
012903507
012905145
012905479
012905500
012906278
012907175
012908373
012908904
012909173
012910734
012910906
012913038
012914116
012914378
012914803
012915974
012918660
012918664
012919750
012919781
012920965
012921192
012921609
012924091
012924451
012924617
012925084
012928805
012940071
012960525
012998315
012998351
013037795
013037931
013037945
013038027
013038067
013038101
013044480
013053827
013057233
013203541
013209439
013222886
013266648
013273848
013284696
013307952
013322403
013322438
013377164
013387403
013389686
013433543
013472336
013497607
013520918
013561998
013568485
013598284
011456041
011457146
011457886
011458106
005449345
005457608
005507965
005552030
020186930
020186952
018500712
018517512
018551883
018611399
018623021
018627569
018647354
018647374
019366672
019720324
019740091
017448988
017551760
018664657
018720574
018766775
018872740
018886353
019143745
019185705
019219954
019378470
016245737
016247256
016293680
016309712
016318451
016318909
016320041
016323851
016324180
016334665
016384582
017558081
017558089
017613283
017617589
017632132
017632896
017633648
017643033
017664268
017664695
017672529
017683596
017683816
017685250
017685280
017702550
017714277
017752449
017752485
017752573
017753665
017855332
017882864
017952939
017976038
017976099
017980374
018086002
018091536
018099845
018123503
018123601
018127687
018269574
015176967
015268015
015268035
015268050
015268091
015268096
015268104
015268110
015268124
015268143
015268176
015269386
015269419
015269438
016466688
016466971
016510981
016546647
016549363
016549914
016551054
016551099
016551422
016551448
016551645
016551709
016551756
016551773
016552329
016552497
016552645
016552795
016553316
016553439
016553532
016553574
016553673
016556103
016556260
016556297
016556701
016556705
016556954
016557006
016560327
016560349
016560373
016560507
016560953
016561063
016561240
016561364
016563742
016563959
016564051
016565799
016565837
016565849
016565864
016566136
016566173
016566204
016566445
016566451
016566576
016566579
016566581
016566588
016566599
016566793
016567231
016582978
016582983
016583027
016583480
016583512
016583521
016583535
016583542
016583589
016583626
016583638
016583743
016583772
016583832
016583844
016584047
016584176
016588187
016611692
016653485
016786832
016896554
017027070
017027300
017028206
017031384
017032286
017032338
017093157
017132589
017145356
017145426
017152172
017162740
017368576
017375233
017393970
013620409
013637605
013640964
013659726
013667716
013667722
013667904
013674238
013796922
015355244
015358775
015363899
015364609
015417242
015419406
015423909
015441797
015444503
015450283
015450347
015450450
015450466
015450737
015450870
015487727
015512611
015560633
015588157
015614363
015621654
015670954
015671749
015736796
015750923
015761269
015764143
015787544
015787882
015805868
015817816
015839034
015858315
015886853
015963288
016021038
016055295
016074808
016092762
016093368
016093455
016101676
016102183
016110677
016120907
016140355
016184357
016203259
016208010
016208024
016213651
016231089
016231220
016235437
016301625
016304673
016309726
016311923
016312066
016546038
014055851
014058477
014058500
014277185
014488439
014502552
014512837
014521206
014527275
014583264
014649504
014649514
014650181
014654821
014687620
014689948
014693282
014785128
014825191
014833572
014835272
014857209
014918283
014928218
014934293
012088552
013503403
015450785
014510533
014746099
016582981
015549658
017141630
017128392
018085026
018083117
018083119
018083244
018083352
018090371
014515009
020175142
019837282
012089399
012089886
012090022
012901352
012905808
012907160
012908118
012908177
012908324
012908823
012911883
012913003
012914306
012973798
013166372
013278139
013362421
013387356
013404463
013570496
011458430
011459614
018561949
018595139
020223201
020529988
018761409
019198191
019620784
016249001
016254055
016293660
016311891
016330008
017916689
018123878
018265603
015111038
015263680
016445954
016464983
016556355
016556950
016560325
016560331
016560474
016563530
016563531
016563915
016567248
016567250
016582990
016646820
016712561
016731690
017093033
017131366
013687114
013768699
013780130
015384617
015444441
015444524
015444568
015450422
015470534
015472756
015475720
015507853
015526129
015544423
015544431
015667402
015667458
015667463
015667479
015676716
015693443
015765420
015765651
015778749
015848338
015864019
015883743
015951081
015954739
016055844
016061617
016074524
016100364
016133776
016144112
016216306
016781373
014462896
014467399
014495253
014540287
014540311
014634872
014650443
014672329
014689933
014690458
014705893
014746134
014763522
014767340
014795810
014890692
014890773
014911788
014911818
014913454
014919892
016319980
013071053
013355021
020174535
018595774
018886355
016324353
017707614
016554042
016560987
016566615
016602787
016623377
016950015
017043665
017170723
017368429
015450143
015713196
015901626
016034308
016184963
014902778
016566606
017691702
017664904
017714257
017715140
019627522
016539557
017146888
014534069
017658572
017715144
017658832
020190766
016332403
018440490
018467478
019029988
017651006
017667286
016425585
016549964
016567192
017070797
017375242
019833484
019836800
019837273
018886343
017671395
017671599
017672533
017674916
017700523
017714116
018127868
018252391
016582972
016583028
016660253
017147888
014532157
012088019
012088020
012088021
012088213
012088226
012088545
012088546
012088547
012088553
012088554
012088555
012088556
012088557
012088573
012088574
012088575
012088577
012088578
012088579
012088581
012088583
012088587
012088685
012088745
012088845
012088906
012089068
012089229
012089426
012089603
012089604
012089605
012089606
012089677
012089881
012089882
012089883
012089888
012089890
012089891
012089893
012089894
012089895
012089897
012089898
012089899
012089901
012089903
012089906
012089908
012089910
012089911
012089912
012089913
012089916
012089917
012089922
012089923
012089924
012089925
012089926
012089927
012089928
012089929
012089930
012089931
012089933
012089935
012089936
012089937
012089938
012089961
012090015
012090016
012090019
012090020
012090021
012090024
012090027
012090028
012090029
012090033
012090034
012090037
012090044
012090048
012090082
012090084
012090085
012090183
012090462
012090480
012434701
012900052
012900181
012900182
012901805
012901876
012902067
012903367
012904238
012904354
012904745
012904760
012905883
012906040
012906132
012906924
012906938
012907054
012907141
012907871
012908067
012908093
012908204
012908319
012908328
012908339
012908409
012908424
012908426
012908440
012908451
012908540
012908862
012908897
012908928
012909153
012909166
012909423
012909476
012909514
012910165
012910325
012910357
012910377
012910497
012910624
012910722
012910737
012910896
012911188
012911230
012911378
012911452
012911591
012911628
012912278
012912470
012912490
012912499
012912691
012912727
012912769
012912807
012912850
012912946
012912955
012912963
012912967
012912979
012912988
012913016
012913081
012913099
012913105
012913120
012913133
012913269
012913315
012913337
012913350
012913356
012913611
012913616
012913632
012913674
012913676
012913678
012913886
012913891
012913903
012913910
012914020
012914046
012914126
012914291
012914389
012914659
012914874
012914912
012915882
012915925
012915929
012915985
012916024
012916516
012917520
012918487
012919201
012920017
012920240
012920281
012921095
012921097
012921190
012921426
012921427
012921607
012921976
012922250
012922742
012923282
012924071
012924266
012924491
012924620
012924628
012925425
012925734
012927043
012927168
012927255
012928659
012928862
012929284
012939523
012948257
012956697
012958289
012960198
012962416
012962431
012965838
012968670
012972960
012988618
012993346
012998336
013002980
013014822
013014828
013014881
013014888
013014898
013014922
013014942
013014948
013014950
013016614
013021346
013022144
013030671
013038085
013038187
013057325
013062933
013065685
013066464
013071872
013075588
013081605
013085006
013086774
013093718
013119602
013121826
013123462
013137544
013176259
013201379
013207543
013224810
013239337
013241928
013248054
013260644
013266645
013271656
013272250
013273870
013273875
013297882
013307371
013309538
013311410
013322387
013322394
013322399
013322409
013322415
013327777
013328471
013334811
013334812
013336864
013339584
013339637
013350667
013356137
013356138
013356502
013356528
013356548
013356554
013356555
013360831
013362065
013362263
013366851
013367200
013372877
013387360
013395494
013404974
013407150
013418744
013422417
013428870
013439185
013441039
013441288
013443484
013453294
013453891
013458689
013466223
013468153
013469360
013472699
013484052
013491053
013493150
013497393
013497416
013497440
013501254
013508456
013508466
013508481
013509728
013516355
013516485
013528332
013528362
013528427
013534973
013539959
013540599
013548968
013555182
013556152
013559702
013562003
013566700
013574242
013577064
013577314
013580506
013580517
013589157
013594051
011452151
011452170
011454283
011456039
011457384
011457521
011457557
011458104
011458107
011458167
011458169
011458170
011458193
011458264
011458709
011458713
011459044
011459045
011459046
011459057
011459058
011459059
011459064
011459072
011459185
011459412
011459419
011459500
011459502
011459505
011459506
011459510
011459511
011459685
011459830
005422666
005461151
005470474
005470579
005489805
005491602
005529590
020017764
020058434
020061731
020101679
020105112
020110219
020116864
020160386
020160625
020168866
020168950
020171146
020171206
020171254
020174518
020174527
020175098
020175106
020175110
020175116
020175124
020175126
020175146
020183879
020186831
020186913
020186960
020187090
020187100
020191952
020191993
018417566
018418245
018440126
018500695
018517583
018521502
018537346
018594228
018594268
018595095
018606882
018606906
018607019
018607026
018607035
018607045
018607064
018607682
018607814
018610635
018610644
018611100
018611204
018611232
018611297
018611720
018611729
018611845
018613108
018613188
018613211
018613306
018613430
018615325
018615330
018618825
018618879
018620560
018622905
018623269
018623352
018623409
018623413
018623427
018623510
018647364
018654066
018656046
018656070
018660237
018660241
018660254
019200180
019200569
019200789
019242006
019242043
019310461
019344957
019357438
019403403
019403413
019415923
019462581
019464469
019465582
019465587
019465603
019468770
019471912
019472020
019486032
019492800
019493566
019493678
019503315
019510404
019522910
019579296
019588602
019592307
019592523
019606163
019606198
019606219
019606226
019606255
019612326
019612412
019620180
019620218
019620814
019620963
019620973
019621438
019621440
019623441
019631758
019641543
019672713
019673050
019688596
019698404
019705514
019713115
019713141
019714182
019714454
019716863
019716874
019720252
019724599
019739582
019755892
019789442
019817162
019827526
019833106
019833149
019833504
019833509
019833514
019833522
019833803
019833809
019836789
019837208
019837213
019837281
019839703
019843245
019875632
019974872
019974922
019980337
020196967
020205178
020207353
020212953
020221441
020221468
020253000
020367855
020430264
020464821
020464870
020470225
020471513
020529366
020529373
020530069
020547543
020554205
020567081
020579657
020580161
017417040
017439847
017440330
017442663
017443722
017449012
017449110
017449168
017449204
017450049
017456802
017484107
017505071
017536197
017537861
017551843
018680784
018682751
018720699
018720916
018736263
018736337
018746986
018755272
018755311
018761472
018765407
018766773
018808902
018808906
018808935
018808956
018808979
018809010
018809052
018809068
018816292
018826663
018826734
018827092
018827094
018835015
018836279
018837170
018847597
018872735
018872737
018872738
018872739
018880419
018886342
018886344
018886345
018886346
018886347
018886348
018886349
018886350
018886352
018886354
018886356
018886357
018886358
018886359
018907712
018907727
018910333
018910399
018910429
018910988
018911040
018911060
018971501
018971505
018996519
019006176
019027678
019027732
019028326
019034024
019054448
019061122
019065536
019079158
019085436
019090058
019090082
019094937
019094947
019094963
019094983
019094991
019095006
019095029
019095041
019109304
019109330
019176620
019181893
019182098
019185256
019185616
019198129
019198154
019198208
019198245
019198365
019198434
019200390
019200394
019200712
019219655
019219658
019219662
019229365
019362498
019368875
019378469
019403459
019403508
019462958
019503136
019516832
019536422
019606374
019611453
019620171
019620172
019620196
019620231
019620265
019620279
019620881
019625768
019626723
019638147
019638171
019674571
019706772
016245729
016248881
016251229
016253231
016272512
016272529
016272534
016272597
016272602
016272701
016272705
016272714
016272719
016272736
016272742
016272760
016272762
016272764
016272767
016272910
016276577
016279163
016282946
016285738
016293709
016323774
016323782
016323787
016323791
016323834
016323842
016323848
016323853
016323877
016323881
016323887
016323903
016323932
016323936
016323956
016323959
016324146
016324181
016324184
016324185
016324258
016324269
016324278
016324279
016324307
016324333
016324350
016324366
016324368
016324371
016324373
016324404
016324414
016324416
016324419
016326572
016326697
016336586
016384599
016413490
016413836
016414279
016419896
017559064
017561597
017573735
017573801
017575080
017575118
017575208
017575228
017575353
017575480
017575916
017575989
017580927
017581503
017581532
017595572
017606126
017614156
017615753
017617042
017617113
017620021
017624438
017624946
017625238
017625263
017625298
017626737
017627216
017627330
017630126
017630796
017630896
017630908
017630928
017630968
017631997
017632043
017632267
017632283
017633016
017633785
017633838
017633879
017633949
017633992
017643007
017643210
017643286
017643781
017646711
017646739
017648714
017648718
017650886
017650892
017650935
017650974
017651117
017651151
017651153
017657548
017657593
017657639
017657738
017657754
017657779
017657821
017657850
017658537
017658542
017658564
017658568
017658591
017658606
017658611
017658666
017658675
017658706
017658786
017658790
017658813
017658825
017660973
017661187
017664445
017664878
017664988
017665004
017665097
017665123
017666509
017670665
017670666
017670669
017670670
017670725
017670846
017670931
017671120
017671257
017671272
017671289
017671404
017671539
017671575
017671591
017671602
017671629
017671699
017672528
017672531
017672541
017672543
017672546
017673726
017673728
017673737
017673748
017673802
017673972
017674002
017674997
017675126
017679868
017679895
017683116
017683132
017683151
017683169
017683195
017683266
017683616
017683651
017683671
017683752
017683858
017684590
017685326
017685380
017689865
017691710
017697420
017697505
017697622
017698971
017699039
017699239
017699324
017699346
017699358
017700378
017701221
017701232
017701238
017701246
017702117
017702923
017702924
017702962
017703122
017703216
017703286
017703422
017705728
017705765
017705777
017705786
017705823
017706033
017706415
017706484
017706630
017707142
017707198
017707600
017707605
017707611
017707612
017707617
017708254
017709193
017709215
017709218
017712742
017712793
017713998
017714060
017714119
017714258
017714265
017714274
017714284
017714288
017714432
017715139
017715143
017715145
017715146
017716371
017716531
017716538
017716566
017716593
017716599
017716608
017718945
017719076
017719255
017719981
017720164
017720998
017721111
017731304
017737043
017742149
017742374
017742376
017742378
017742382
017742383
017742384
017742385
017742386
017742387
017742388
017742389
017742390
017742391
017742392
017742394
017742395
017742397
017742398
017742399
017742400
017742401
017742402
017742403
017742404
017742405
017742406
017743389
017745885
017745886
017745920
017745947
017745953
017746331
017746348
017746386
017746421
017748251
017748256
017748260
017748297
017748358
017748394
017748460
017751288
017751635
017751676
017752300
017752365
017752570
017753668
017753748
017757192
017775121
017780842
017788577
017810855
017819201
017838030
017845214
017852534
017852559
017863711
017865823
017867525
017867554
017881183
017896057
017896119
017899402
017899604
017899809
017950183
017950299
017950314
017952978
017960667
017971332
017976072
017979347
017980157
017987579
017987588
017987609
017987621
017993163
017993383
018015397
018015654
018015658
018015662
018041310
018048202
018070112
018070400
018078333
018083106
018083242
018083343
018084849
018085084
018085732
018085743
018086059
018090452
018090572
018090664
018096986
018099734
018103005
018103012
018103106
018120993
018121050
018123499
018124208
018124258
018127685
018127865
018129425
018135364
018135648
018148117
018159069
018159079
018159401
018159497
018159502
018159505
018167908
018174865
018178159
018178166
018178171
018178174
018192826
018192827
018192829
018192831
018192833
018201833
018201837
018202551
018224268
018224271
018231888
018231895
018231899
018232382
018232383
018232384
018232385
018234428
018234497
018236480
018275809
018292722
018292737
018353135
018358620
018369772
018397698
018398453
018398529
018398638
018457564
015111057
015112918
015113682
015113735
015118494
015118756
015173788
015173833
015177336
015177415
015180156
015211271
015246171
015267126
015268164
015268704
015268763
015288269
015289054
016423858
016424940
016432659
016433214
016433296
016434322
016434471
016445198
016445951
016447269
016456099
016456290
016465063
016469411
016474716
016474868
016483978
016496387
016497945
016502157
016504877
016511697
016523443
016524509
016540694
016540732
016541262
016541265
016541268
016541291
016541297
016541386
016544171
016546429
016549842
016549946
016551432
016551485
016551486
016551540
016551571
016551581
016551635
016551708
016551757
016551792
016551837
016551839
016551850
016552016
016552352
016552357
016552397
016552412
016552423
016552594
016552666
016552740
016552753
016552780
016553336
016553368
016553374
016553386
016553389
016553440
016553450
016553488
016553573
016553617
016553640
016553667
016553792
016553859
016553887
016554176
016554251
016556045
016556080
016556154
016556242
016556321
016556349
016556614
016556631
016556663
016556774
016556816
016556819
016556872
016556875
016556886
016556889
016556939
016557012
016557027
016560344
016560417
016560435
016560447
016560473
016560520
016560530
016560554
016560597
016560601
016560630
016560658
016560744
016560832
016560851
016560874
016560941
016560947
016560985
016560993
016561053
016561088
016561326
016561392
016561776
016563560
016563590
016563803
016563833
016563849
016563873
016563900
016563939
016563983
016563995
016564039
016564063
016564087
016564095
016564110
016564120
016564135
016565774
016565780
016565785
016565790
016565796
016565813
016565819
016565827
016565845
016565918
016566004
016566029
016566031
016566045
016566068
016566102
016566129
016566131
016566132
016566195
016566224
016566231
016566267
016566276
016566301
016566310
016566321
016566330
016566390
016566404
016566417
016566421
016566428
016566443
016566448
016566453
016566573
016566574
016566583
016566584
016566596
016566603
016566608
016566616
016566622
016566629
016566639
016566647
016566649
016566664
016566672
016566702
016566707
016566709
016566743
016566758
016566762
016566781
016566784
016566787
016566791
016567148
016567207
016567209
016567214
016567218
016567220
016567229
016567230
016567232
016567234
016567236
016567237
016567239
016567242
016567244
016567246
016567247
016567253
016567255
016582973
016582976
016582979
016582982
016582985
016582986
016582987
016582989
016582992
016582993
016582995
016582996
016582997
016582999
016583000
016583001
016583002
016583004
016583007
016583008
016583012
016583013
016583014
016583015
016583016
016583017
016583018
016583019
016583020
016583021
016583022
016583023
016583024
016583025
016583026
016583487
016583496
016583504
016583509
016583600
016583692
016583703
016583750
016583779
016583872
016584005
016584008
016584012
016584018
016584019
016584026
016584054
016584076
016584088
016584103
016584110
016584111
016584117
016584120
016584142
016584154
016584178
016584189
016584210
016584229
016584262
016584268
016584270
016584278
016584280
016584281
016586046
016588192
016590386
016590393
016590397
016590401
016590402
016590404
016602727
016602736
016604707
016604730
016605389
016605723
016606865
016611098
016611459
016611674
016611682
016611684
016613262
016619711
016619989
016630745
016630788
016637715
016638052
016642050
016648030
016648703
016648793
016652104
016652129
016652514
016652611
016653880
016656436
016657416
016679766
016680070
016680155
016685786
016690390
016690422
016690497
016690600
016691332
016711022
016711028
016711193
016735519
016740188
016745075
016746597
016746727
016748760
016760046
016776847
016776885
016776970
016786206
016786231
016786271
016788734
016800800
016803744
016813391
016813400
016824622
016824678
016824717
016843698
016866039
016869833
016869847
016870286
016881715
016881794
016884554
016888877
016896589
016896709
016897370
016899944
016901291
016943345
016943562
016949939
016958953
016963387
016987297
017012933
017020814
017021667
017021730
017021882
017022528
017022636
017022748
017023060
017026910
017026940
017027017
017027164
017027208
017027254
017027289
017027322
017027325
017027339
017028039
017028042
017028057
017028298
017028323
017029817
017030805
017030820
017030835
017030840
017030854
017030869
017030940
017031107
017031317
017031351
017031362
017031411
017031508
017032147
017032174
017032197
017032226
017032235
017032310
017032414
017032422
017043377
017043385
017043597
017043605
017043610
017043615
017043620
017043660
017043662
017043670
017043676
017066005
017066030
017066041
017067800
017074801
017074855
017077008
017078253
017078428
017078593
017078608
017079538
017079687
017083088
017083107
017084027
017084076
017084127
017084380
017085209
017085224
017085395
017085399
017085449
017085506
017110956
017110959
017110964
017110968
017110994
017111009
017111036
017111045
017111069
017111077
017111080
017111084
017111091
017111493
017128574
017132443
017135591
017135609
017135666
017135678
017141667
017144318
017145342
017146805
017146824
017147704
017147746
017147885
017148117
017151819
017152087
017152530
017152630
017152901
017159407
017160408
017162741
017162742
017162806
017162837
017162923
017162947
017163667
017163719
017163737
017167609
017167814
017167816
017169020
017169385
017170195
017170221
017170232
017170241
017170248
017170256
017170291
017170296
017170303
017170354
017170638
017170644
017170805
017170810
017171238
017171264
017171346
017171372
017171394
017171402
017171476
017175726
017175740
017175759
017175768
017175789
017175791
017359801
017359910
017364041
017364044
017364105
017364239
017365713
017365718
017365892
017368295
017368324
017368519
017373815
017374382
017374401
017375255
017375274
017375282
017393967
017393969
017396144
013605456
013606081
013610917
013631856
013636570
013637629
013637638
013637807
013638446
013640976
013641280
013647086
013647224
013648052
013649032
013652918
013658984
013659053
013660205
013679884
013680068
013680752
013687087
013688721
013696417
013697504
013700536
013700554
013707088
013710891
013737634
013739124
013744732
013747376
013755078
013758132
013776478
013776539
013778224
013779839
013780108
013780114
013780119
013780122
013780124
013780131
013780136
013780139
013780142
013780150
013780153
013780158
013780164
013780301
013788809
013793105
013796896
013796910
013798529
013799568
013802568
013802604
013803584
013803602
013804330
015293450
015298627
015306825
015325941
015328654
015329205
015335620
015336021
015338707
015338740
015343114
015344077
015344830
015344901
015344992
015345154
015349442
015362931
015373068
015373098
015373465
015382756
015384802
015394243
015395202
015401920
015404759
015416780
015417293
015419388
015423205
015424350
015432021
015441887
015441913
015444591
015445093
015447239
015450118
015450251
015450745
015450764
015450816
015450974
015451837
015452696
015454573
015463870
015470511
015470943
015480048
015495928
015496242
015496556
015496705
015502465
015503497
015506606
015512120
015512256
015512276
015512531
015515137
015518864
015519254
015525762
015525810
015525974
015526001
015532329
015533964
015536663
015536699
015539062
015547998
015549725
015563740
015570240
015579592
015591717
015597804
015620366
015626274
015626918
015626936
015626970
015626977
015637059
015641962
015646034
015651126
015657726
015658039
015661827
015670072
015671089
015680617
015680672
015680915
015687580
015693217
015695180
015703756
015705420
015711870
015717466
015719810
015724969
015731532
015732124
015740286
015742043
015756610
015766396
015769521
015775462
015783265
015783356
015783498
015792449
015797653
015801258
015802475
015802935
015811124
015811313
015815254
015819458
015820003
015843099
015843448
015844262
015850425
015852413
015853291
015853619
015853718
015858333
015858354
015858364
015862658
015863538
015866031
015866176
015866190
015866879
015867161
015868030
015870298
015877854
015886312
015886401
015886459
015886477
015886514
015886564
015886843
015886873
015891673
015892233
015894282
015898478
015901546
015901678
015951105
015953265
015953485
015956790
015962822
015965786
015971419
015975747
015975968
015980610
015988484
015994429
015994616
016001836
016029114
016037431
016048060
016051359
016055193
016055833
016058924
016061697
016061722
016061735
016064348
016065073
016067202
016070479
016080387
016084033
016085563
016087897
016090251
016091726
016093193
016093243
016093320
016093422
016096679
016100737
016100738
016101441
016101582
016108731
016112812
016112962
016113399
016129885
016134094
016134102
016134643
016149426
016153914
016157571
016179680
016184090
016189056
016194743
016196934
016197010
016208004
016208017
016208929
016209363
016212904
016214212
016216268
016216282
016216289
016216333
016216651
016216699
016216820
016217633
016226542
016231013
016231097
016231434
016233003
016235672
016235760
016320067
013810240
013812323
013825357
013829974
013836234
013952645
014049812
014056265
014099657
014106082
014234128
014277195
014277207
014343287
014408615
014409388
014409638
014462886
014468520
014473905
014477220
014483412
014485741
014488428
014490296
014490526
014492173
014494675
014502577
014509049
014509151
014510555
014515308
014520312
014520906
014521188
014522171
014522174
014534708
014538834
014538964
014540177
014540219
014540230
014540253
014540285
014543958
014577838
014578370
014589036
014591744
014599713
014600042
014613142
014615833
014617427
014617490
014618505
014623723
014625800
014628388
014629092
014630106
014630133
014630296
014630544
014630547
014630562
014630564
014631640
014636763
014636846
014637130
014649293
014649338
014649375
014649383
014649438
014649469
014649480
014649494
014649519
014654817
014654823
014654825
014654828
014654831
014654834
014659435
014665613
014678267
014678278
014684966
014688280
014693892
014698491
014709673
014710380
014710385
014710516
014746088
014752585
014756660
014763526
014770145
014790155
014790527
014791366
014791373
014800946
014810619
014834957
014838756
014838884
014839110
014842057
014842705
014846135
014846178
014846366
014848380
014848847
014848882
014864032
014876903
014879312
014887759
014888250
014888345
014890412
014890615
014890638
014890679
014892002
014892012
014893087
014893834
014895893
014898593
014911126
014913633
014917437
014917456
014917523
014917792
014918544
014922542
014922814
014923986
014925488
014925591
014934733
014934993
014935062
020649622
020662623
020754401
020760582
020820206
020820211
020820215
020820225
020820247
020820259
020846241
020853291
020865424
020970013
020996482
012088580
012088585
012090031
012910175
013138589
016323876
017558330
017746308
015264787
016566103
016583662
016590400
016661926
016676242
017368585
015651421
017111072
018083230
012916047
017701223
017701224
017701227
018369696
017613981
019625808
019975404
020494367
019543471
019667963
018398500
018421693
019156574
014618667
016414108
012090121
012914648
012915832
012915843
012920706
013116539
013241961
013598303
011458103
018622765
017474396
016301703
016312041
017799235
018083232
018083239
018252401
018266257
018269569
018269790
015107488
015111400
015693306
016149184
016301118
016301122
016302808
016309642
016309647
016309716
016311919
016311958
016311986
016312056
016318426
016320033
012908385
012908386
012920044
013104159
013509635
020116011
018654056
020528847
018823424
018883131
017580993
017731361
017742396
018025561
018335204
016560924
016699454
016828230
013632702
013637643
015859603
014763752
015852556
019200557
018851064
019296027
012090018
012090042
012900167
012912708
012912717
012912724
012912971
012913091
012913670
012915943
012915947
012915949
012923536
012952385
013068507
013438802
013525494
020060027
020060030
020067099
020098879
020101498
020105102
020112415
020142725
020168970
018623419
018639715
018640383
018640393
018660266
019200678
019261026
019465595
019472737
019479716
019479746
019502941
019620156
019625759
019626865
019638156
019693491
019712112
019714221
019716286
019802652
019808307
019817925
019827109
019833500
019836736
019836809
019837195
019837253
019923521
019924437
019975413
020205852
020221474
020288765
020324117
020521603
017411366
017412058
017460569
018669797
018808926
018809017
018826744
018826748
019075573
019099008
019172819
019179196
019181898
019185163
019185692
019198131
019198224
019198368
019253509
019288800
019362538
019364749
019462975
019620789
019620964
019621009
019621030
019621050
019627322
019673125
019674546
019674553
019693366
019693403
019698307
020589598
016285755
016419878
017620815
017651144
017707620
017818770
017818771
017865933
017867521
017867571
017877694
017877698
017877772
017887811
017887851
018136095
018165616
018236490
015288164
016459374
016473821
016524368
016552859
016600697
016685530
016713014
016786216
016828727
016869985
016876545
016893016
017022506
017098902
017103825
013606073
013632666
013644434
013797117
015301328
015854432
016043797
016075115
016100736
016540699
013993153
014017018
014234134
014234141
014471327
014534198
014591710
014655799
014752598
020937213
019200550
019625742
019833868
019620182
018622903
017620797
017706457
017859228
017043395
017043551
017043567
019085396
018083121
012087872
012089397
012089398
012090006
012090039
012090040
012904369
012913898
012913913
012913919
012914066
012914404
012914419
012914667
012915852
012915856
012920155
012921032
012922265
012924353
012924615
012966265
012973085
013291092
013350679
013399353
013491788
013577067
013589419
013595364
011458940
020058398
020160610
020168860
020175139
020175144
020186836
020186850
020186925
020186944
018517541
018578022
018595149
018622758
018622772
018622902
018623495
018640518
018656062
019224247
019389863
019403361
019462643
019479791
019485209
019493631
019517447
019517456
019611430
019612481
019620074
019626916
019626925
019641328
019833107
019833502
019939823
019951904
020196773
020221487
020238568
020252962
020343315
020383663
020390954
020421841
020446653
020469202
020469214
020529443
020529970
017460563
018741581
018808891
018808921
018808970
018833702
018833895
018833901
018836543
018848469
018871999
018877348
018907730
018924036
018986662
018996183
018996198
018996207
018996346
019018090
019081612
019085393
019085449
019095079
019096468
019096492
019096514
019096749
019098740
019101563
019125736
019200424
019205520
019436434
019462970
019468364
019611395
019620208
019620884
019621024
019638600
019638602
019638604
019641294
019641416
019641437
019641446
019641472
019641481
019641490
016247270
016383834
016419888
017643027
017643728
017648719
017651161
017657542
017671546
017672527
017673878
017678752
017683071
017683599
017683790
017700490
017706379
017707621
017714326
017715142
017721002
017721908
017728879
017732360
017732845
017736658
017742393
017746373
017748215
017771916
017838041
017881188
017890335
017892416
017979928
018003542
018020096
018020208
018070581
018083120
018083133
018084898
018085944
018090659
018091580
018123867
018136053
018136107
018136142
018136155
018175016
018252395
018266143
018269748
018269778
018269784
018290181
018290470
018292244
018292256
018311578
018312114
018335210
018340322
018346254
018357176
018364972
018384039
018388071
018398487
018398504
018398531
016450027
016471756
016539468
016606142
016711007
016742924
016888750
017043391
017043626
017043656
017077080
017084037
017085204
017110944
017110961
017111010
017111024
017111040
017111106
017111114
017162747
017162748
017169259
017171415
017188600
013779659
015293126
015298647
015301202
015348706
015492815
015538537
015570438
015626213
015632528
015648330
015658574
015768871
015886885
015956825
016011449
016051193
016153795
016197442
016312089
016312337
016540726
013825543
014237580
014491524
014710438
014842693
014842700
014844375
014853990
014857063
014893070
014908315
014922976
014934317
020820263
020820266
012902160
012090026
013481839
014908090
011457230
013057151
013096881
013317581
013497106
011458213
011458214
011458215
016552660
017012845
017017290
017022622
017041645
013641347
015392925
015422798
015783492
015800702
015891887
014649280
014687647
014703715
014763620
017646733
012913124
012913308
012914128
012914188
012973094
012973788
013361778
013502921
011452155
011452156
020529364
015496635
015560949
014593924
014778807
012938951
016553438
016324256
017682898
017714262
012090476
012089113
012089985
012090023
012090025
012090030
012090035
012090038
012090041
012090043
012090045
012090046
012090047
012090160
012090161
012090460
012090463
012090464
012090466
012090467
012090469
012090470
012090473
012090474
012090475
012090477
012090478
012090479
012900172
012900179
012903394
012908153
012908416
012912258
012912480
012912491
012912495
012912678
012912733
012912760
012912792
012913004
012913010
012913048
012913085
012913245
012913255
012913279
012913330
012913386
012914236
012914263
012914274
012914284
012915944
012915969
012915991
012916001
012916010
012916012
012916029
012916040
012916705
012918240
012919728
012922196
012927053
012927961
012928819
012944890
012956907
012992995
013001467
013026778
013044181
013108903
013109292
013146209
013253269
013253755
013260658
013263112
013336258
013440695
013441092
013480952
013480962
013480973
013489027
013491580
013518484
013528447
013529780
013539838
013540460
013540679
013554948
013565902
013571215
013580360
013593329
013599031
011452148
011452150
011452152
011452153
011452157
011452158
011452159
011452160
011452161
011452162
011452164
011452165
011452173
011452174
011452175
011452176
011458105
011458168
011458212
011458216
011459047
011459051
011459052
011459053
011459055
011459060
011459061
011459066
011459067
011459068
011459069
011459071
011459073
011459074
011459075
011459076
011459077
011459078
011459079
011459080
011459416
011459417
011459418
011459503
011459507
011459508
011459509
011459513
011459514
011459515
011459516
011459518
009868843
005422663
005422664
005422665
005422667
005422669
019617787
019623098
017529898
019094985
016272924
016309574
016323780
016323852
016323894
016326523
017614267
017614283
017620045
017625006
017625059
017627275
017633638
017646596
017646694
017646743
017649882
017657613
017657741
017658835
017665052
017671390
017671399
017673843
017691985
017705849
017714046
017714104
017714259
017714261
017714267
017714283
017715986
017716100
017716674
017718954
017719171
017744149
016451084
016552604
016606939
016610295
016630816
016680083
016680177
016710760
016710778
016710781
016776834
016876429
016878557
016900065
016918604
017018270
017021584
017021604
017022551
017022793
017023152
017027102
017041647
017085483
017111005
017111051
017128356
017132479
017145366
017146794
017151806
017151942
017170814
017171337
017171412
017176591
017364242
013615774
013623248
013627090
013643494
013657727
013693905
013710060
013743925
013753107
013755276
013755285
013768527
013770715
013781997
013793674
013793683
013799681
015364226
015392886
015398847
015425472
015444275
015487917
015488468
015496529
015559731
015620006
015680951
015693238
015719618
015740302
015746277
015760596
015848790
015853758
015906123
015951011
015952798
015971954
016034056
016042349
016045715
016048503
016116419
016116489
016121100
016203111
013827948
013827957
013830941
013835291
013835333
013949304
013951351
013953500
014048623
014232938
014503823
014534196
014540019
014542294
014562841
014604838
014625806
014625818
014649868
014650311
014654840
014659668
014671411
014672320
014693222
014699922
014755582
014763543
014768926
014902893
014917566
012090032
012914680
012915860
012993328
013217380
014625824
012912984
014562819
012090017
012090036
012912741
012973779
013227244
013564755
011459135
015425785
015513592
015848265
015887094
015994973
016216246
013827918
013831663
013886943
014052636
014052727
014650909
014869476
012090159
012912752
012914388
012914414
013079252
013128072
013227240
013260665
011452166
011452167
011452168
011452169
011458211
019577660
019085363
017620025
017674925
017714193
017719818
017719820
017728856
017110940
017111003
013766118
013780289
015591893
015622787
015848396
015864196
014482315
014573204
014573365
014599608
014703326
014881977
