013238520
014932569
013455432
007847359
016498785
015810950
016127965
016127975
016127980
016127987
016128013
016128029
016128030
015176988
017085233
017128576
013834186
013834565
014537415
014601849
014601850
014601851
014602822
014798150
014834452
014916991
014936414
014937857
012277667
012277676
012277678
012924107
013003950
013120096
013120108
013148325
013167224
013167234
013167255
013177286
013177310
013177333
013177364
013227443
013257605
013285290
013289934
013292024
013299251
013299257
013299274
013299284
013299294
013300433
013333988
013334647
013335557
013447284
013566919
006889977
006925827
013625986
013649843
013749852
013781191
015299549
015662859
016104268
016133242
013815746
012401971
011101106
011101540
011101587
010472070
015636084
014925025
017430933
015701280
017152792
012391542
011101135
010489983
020106725
015265579
015334646
016174120
012958986
013023423
013028207
013227112
013288219
013301733
013314996
013415398
013415400
013418044
013435908
013440032
013479833
013486192
013500057
013537376
013567885
013582195
013583794
011614309
009048376
006902023
017468430
013624745
013683793
013694672
013704695
013772626
015463548
015987296
016211272
013811272
013811277
013829024
013833573
013834064
013834943
013834962
014051771
014051778
014277084
014342461
014520171
014524892
014524899
014887114
014902951
012409208
012270354
012270452
012270568
012270611
012270658
012875958
012879925
012926390
012954677
012959157
012971516
012971529
012991750
013007202
013012753
013039268
013106311
013106313
013106315
013124747
013185121
013189978
013200444
013287575
013288325
013288329
013288337
013288347
013301732
013301734
013306479
013306485
013315481
013321358
013360117
013392949
013407561
013437676
013475349
013495101
013500058
013504620
013541592
013550470
013552896
013590173
010980054
010980572
011624636
011624656
011624683
011625039
011625202
011626339
011626340
010129998
010130265
009065276
006665444
006896381
007043176
007043189
007043201
013612782
013612791
013661077
013694621
013730945
013778142
013801282
015894273
013951114
014235636
014479947
014524715
014567350
014621501
014626773
014647373
014656923
014669922
014674002
014754443
014777472
014883866
012427636
013293441
013558275
011094183
010472274
009542351
013754402
020152243
012986947
013258296
013260739
013282883
013337626
013356385
013402729
013444652
013486721
013499450
013521028
013526792
013572131
016429709
016775006
013606599
015408965
015618979
015635223
015695928
015695934
015706591
015821053
015904142
016049593
014624798
014899668
007157823
011094107
015979858
014669920
015776863
018429116
009200345
013945587
012881327
014801185
012432990
013538748
011482709
009180885
017619011
016933947
016933950
016933964
016933970
016957844
015812117
016010817
015866670
012401445
011101167
011481323
009180726
017891358
018563893
016800858
015949574
012110645
011094145
011101159
009180685
007535764
015812295
015817808
017909208
013207717
013368039
013418640
013465407
018541270
016247929
016327782
016327790
016327815
016327817
016416774
018098378
016429105
016429134
016429138
016431686
016431692
016431699
016432661
016432670
016437478
016437480
016437483
016437487
016437499
016437581
016437591
016452464
016600890
016613312
013804539
013804548
015344906
015677718
015768682
015870369
015953216
015953218
016169254
016174189
016174479
016174626
016175077
016175084
016185351
016185363
016185390
016185402
016206737
020999979
008534335
007864190
007032696
015268048
012876526
013246219
013301458
013326270
013359785
013414704
013547485
013596342
013596347
011613603
011614093
011619989
009051484
006665172
019403304
017556182
019498822
017561634
017784036
017891439
017891458
017895921
017895977
017895981
017895991
017910041
017910045
017910051
017910054
017929027
017944990
017945014
017945037
017945762
017945763
017945779
018067933
018067943
018067996
018069716
018069848
018077595
018116826
018116927
018162836
018169731
018184296
018236487
016471628
016584165
016584185
016692845
016867529
016884158
016897189
016937490
016945406
016949380
016967351
016967426
016967435
016967641
016988972
016989835
016992800
017014819
017022953
017022965
017023013
017023021
017023031
017026927
017027138
017027140
017027161
017027162
017027168
017027255
017027320
017046706
017046727
017046733
017078420
017082992
017083957
017083963
017083972
017083989
017167785
017168990
017168992
017168993
017169018
017169065
017169158
017169188
017169200
017169219
017169222
017169227
017169262
017171307
017175943
013619119
013673755
013683406
013731016
013763148
015810580
013810985
013824190
013824774
014480025
014519480
014576608
020655604
020789533
020858011
020858021
021036008
021036023
012874718
012968709
012968718
012968744
013003937
013006502
013010957
013099716
013132406
013137952
013223625
013223667
013225777
013251076
013265009
013282933
013321379
013352303
013391969
013398173
013410743
013435144
013467229
013467316
013531868
013561842
013596341
013596344
009729395
006670967
018411964
019468849
016332474
013612734
013613686
013634265
013678494
013692587
013701732
013709255
013709402
013761296
013761800
013781663
015694880
015872828
016036266
013822396
013830845
013831256
013834213
014052846
014474556
014496955
014550157
014602799
014602809
014773074
014799607
014822706
012396323
012396521
012401418
012401981
012402000
012409300
011094121
011094158
011094171
011101108
011101184
011102348
011481321
011744392
010472154
010488278
009225876
007541657
007845513
007160704
014473473
012970772
013250496
013420235
013454930
013490071
013499585
013499588
013499590
013499593
013504664
013507361
013515263
013515280
013519592
013541415
013551959
013552378
013583497
011611873
011624648
017418460
017431038
017561521
017561755
017620747
018077546
016944923
016945322
017046741
017100119
017144399
013629023
015362069
015705081
015709609
015766308
015766321
015778011
015805780
015805857
015805859
015805861
015805879
015805908
015812826
015812858
015812865
015823251
015823339
015823344
015975801
016029268
016102061
013188674
012391076
012396933
011101569
012431799
012431809
012431811
012431814
012431832
013133595
007842734
013167040
012431788
012431808
012431813
012431816
012431817
012431820
012431825
012431827
012431831
012431834
012432023
012432057
013044549
013047323
013061341
013105253
013109375
013109496
013113995
013114423
012431791
012431828
013405846
013477590
014706159
013104881
013018953
012433814
013009418
013017284
013177540
012431800
012431803
012431805
012433607
013013816
013014263
013014475
013015117
013015912
013018845
013887975
013009643
014857001
012432796
013089651
015963305
016018195
016018249
013013377
013626185
014466178
014922305
015581942
012434160
012435112
019031428
016471404
012432258
012432628
013819533
013377525
014482545
013115521
013115803
013127851
014574382
013705782
012433442
013135217
012432103
012433917
013254441
013427452
012433732
013446204
012433419
012432388
014678498
012431823
012431824
012431842
012431843
012431876
012431886
012431956
012431985
012431999
012432051
012432083
012432086
012432119
012432126
012432143
012432228
012432246
012432269
012432301
012432328
012432349
012432358
012432435
012432449
012432498
012432560
012432603
012432609
012432627
012432632
012432676
012432718
012432778
012432793
012432835
012432836
012432875
012432935
012433031
012433036
012433121
012433176
012433196
012433210
012433211
012433216
012433414
012433592
012433602
012433630
012433655
012433744
012433756
012433785
012433792
012433827
012433882
012433893
012433944
012434032
012434213
012434239
012434283
012434316
012434319
012434342
012434455
012434553
012434602
012434611
012434667
012434685
012434690
012434708
012434713
012434723
012434913
012434944
012434946
012435024
012435025
012435066
012435077
012435164
012435165
012435234
012435238
013006123
013010679
013014230
013016961
013017062
013054041
013060490
013088860
013089326
013089523
013089615
013089621
013089653
013094210
013095528
013095932
013096014
013097074
013114741
013167624
013167725
013176766
013184163
013197357
013208191
013211704
013214841
013222959
013238482
013239496
013249238
013252777
013253407
013253485
013254194
013254219
013255220
013259281
013264659
013266116
013266369
013292902
013335964
013357527
013360858
013361592
013364638
013375023
013376602
013378364
013378785
013379240
013382078
013387407
013394802
013396047
013439039
013439152
013440829
013451926
013461610
013465153
013466619
013468403
013469439
013489917
013514923
013518658
013518702
013549521
013558291
013559550
013559683
013560577
013564763
013566570
013568634
011457442
009542323
016420155
017683070
016425497
016622985
016631413
016634508
013609691
013610760
013614305
013633507
013657348
013669115
013697143
013697239
013708279
013713171
013717451
013741789
013743363
013747697
013752928
013755218
013759056
013769261
015450677
015481895
015481956
015484885
015507247
015509034
015512653
015514722
015764680
015791610
015792118
015793568
015796785
015802540
015810460
015810897
015863355
015962720
015962727
015962759
015962813
015962862
015962891
015962918
015962934
015962941
015962976
015962997
015963029
015963127
015963143
015963146
015963237
015963240
015963358
015963411
015963426
015963541
015967950
016003447
016006888
016017587
016633070
013812544
013817170
013819420
014058998
014344185
014374541
014374941
014472210
014492659
014492678
014541210
014654780
014681488
014753505
013003885
013004097
013702655
015507336
015791495
013835168
014654569
012432394
012432660
010489407
015591887
015771120
015807986
015949074
013847701
014651466
012434959
013167544
014465547
016327545
016224667
013516428
006506610
020133965
020145647
020516830
015812952
015884091
015949080
016128647
020937020
012432169
012432321
012432375
012432479
012432499
012432522
012432525
012432608
012432613
012432633
012432636
012432641
012432672
012432673
012432682
012433054
012433059
012433090
012433148
012433153
012433165
012433207
012433335
012433654
012433847
013004704
013013664
013055524
013095282
013269278
013338915
013352120
013357502
013357570
013357791
013358882
013362745
013363241
013365232
013367357
013497999
013513622
013549151
013557004
015116110
016732203
013631600
013730033
015475027
015568543
015788559
015801764
016004089
014236457
014482832
014528711
014540396
014687592
014856510
014927986
015588220
013107439
015802718
012432847
013009639
013070898
013071004
013071045
013084406
013430588
013477958
013479546
013493197
016425567
016427408
015642726
015791957
015797679
014682407
015465865
016564153
013623578
013453136
013594763
014682648
014688976
014689698
016681568
014758572
014654542
014469007
012432271
013089686
013103574
013206782
013267629
013514979
013553758
017482683
017101510
015962678
014681523
014682595
014687057
014859913
016560332
013167747
013545338
013548952
013549990
016634031
012433126
015509053
014678215
014681468
012433820
019675652
012433600
013683024
016216472
013226502
013226527
013555864
006616395
006644393
006659002
019885492
018989993
016263194
016314653
016314668
016314676
016320525
016332395
016332400
018398383
015268986
016556373
016599991
016653795
017388399
013603663
013686645
013732006
013807455
015303415
015388016
015388017
015388064
015492994
015518007
015531137
015546730
015610266
015625333
015660953
015660962
015660966
015793146
015862703
015863634
016051324
016067271
016076242
016119997
016127641
016169243
016174343
016178149
016178414
016179591
016200614
016204865
016204867
016204918
016204924
016206740
016208294
016211544
016212553
016213664
016230668
016230673
016230675
014503689
014595096
014624236
014663513
014855890
014855902
014863912
020707456
012088512
012089228
012089836
012089876
012431806
012431845
012431854
012431861
012431862
012431897
012431904
012431906
012431939
012431947
012431963
012431975
012431980
012431981
012431987
012431990
012432007
012432019
012432046
012432066
012432067
012432069
012432077
012432081
012432114
012432122
012432133
012432142
012432179
012432181
012432187
012432193
012432205
012432214
012432225
012432230
012432239
012432251
012432262
012432317
012432333
012432340
012432345
012432350
012432353
012432363
012432365
012432367
012432370
012432378
012432380
012432407
012432409
012432410
012432421
012432433
012432443
012432445
012432460
012432461
012432468
012432489
012432521
012432524
012432542
012432545
012432550
012432561
012432563
012432567
012432573
012432584
012432605
012432610
012432629
012432635
012432655
012432684
012432687
012432688
012432690
012432692
012432697
012432703
012432709
012432728
012432736
012432738
012432752
012432759
012432763
012432767
012432784
012432794
012432795
012432799
012432810
012432812
012432840
012432844
012432848
012432852
012432854
012432885
012432892
012432894
012432914
012432916
012432926
012432927
012432937
012432960
012432976
012433000
012433010
012433011
012433026
012433038
012433050
012433053
012433055
012433064
012433067
012433074
012433101
012433106
012433115
012433118
012433128
012433149
012433152
012433159
012433162
012433163
012433183
012433184
012433185
012433188
012433193
012433205
012433208
012433212
012433213
012433217
012433224
012433229
012433233
012433235
012433241
012433250
012433253
012433254
012433256
012433263
012433265
012433270
012433271
012433274
012433275
012433284
012433305
012433312
012433329
012433330
012433336
012433342
012433343
012433356
012433357
012433363
012433365
012433370
012433380
012433388
012433408
012433423
012433424
012433451
012433452
012433465
012433469
012433471
012433498
012433510
012433520
012433543
012433557
012433566
012433576
012433579
012433583
012433586
012433587
012433597
012433598
012433606
012433618
012433620
012433621
012433644
012433646
012433648
012433658
012433676
012433688
012433691
012433695
012433697
012433710
012433712
012433715
012433720
012433727
012433734
012433741
012433742
012433746
012433758
012433775
012433781
012433783
012433800
012433803
012433804
012433805
012433817
012433823
012433826
012433828
012433839
012433887
012433902
012433906
012434012
012434025
012434072
012434215
012434222
012434240
012434297
012434304
012434325
012434365
012434457
012434498
012434506
012434523
012434524
012434576
012434577
012434606
012434609
012434629
012434630
012434677
012434694
012434728
012434766
012434768
012434783
012434794
012434796
012434810
012434812
012434815
012434830
012434860
012434885
012434889
012434895
012434900
012434901
012434909
012434910
012434931
012434945
012434967
012434974
012434977
012434986
012435004
012435013
012435015
012435020
012435021
012435022
012435062
012435081
012435083
012435105
012435114
012435154
012435180
012435192
012435232
012435245
012435270
012435273
012435274
012435280
012435281
012901557
012907147
012907250
012914608
012917685
012918564
012922178
012951137
012968988
013004047
013005364
013005552
013005630
013006363
013006386
013008146
013008267
013008315
013009545
013010322
013010578
013011493
013011556
013011733
013013553
013013589
013013819
013014102
013014692
013016926
013017148
013018948
013020098
013020782
013020832
013022232
013022327
013024730
013025546
013025945
013026087
013026492
013026494
013026497
013026499
013026508
013026509
013026511
013030792
013030911
013031480
013031498
013031525
013041609
013043578
013055788
013059514
013060640
013061200
013081991
013082030
013082047
013084053
013084478
013084619
013084951
013087012
013087176
013087212
013087609
013087679
013088068
013088184
013088533
013088927
013089099
013089156
013089200
013089256
013089273
013089293
013089377
013089395
013089421
013089423
013089448
013089543
013089571
013089577
013089610
013089616
013089618
013089623
013089629
013089631
013089633
013089636
013089647
013089649
013089660
013089661
013089663
013089669
013089671
013089673
013089681
013089685
013089691
013089693
013089711
013089715
013089719
013089723
013089733
013089734
013089742
013089749
013089751
013089754
013089757
013089759
013089765
013089834
013091214
013091383
013091546
013093746
013094008
013094030
013094033
013094094
013094141
013094472
013095149
013095489
013095727
013095749
013095836
013095859
013095934
013096352
013096384
013096391
013096472
013096547
013096553
013097687
013098867
013100852
013100928
013100998
013101067
013101093
013101338
013101395
013101600
013102022
013102915
013102982
013103047
013103322
013103414
013103510
013103526
013103529
013103566
013103569
013103583
013103962
013104011
013104041
013104443
013105080
013105140
013105161
013105224
013105320
013107640
013107776
013108200
013108377
013108611
013109320
013110274
013110423
013111164
013111583
013114014
013114051
013114871
013115456
013123959
013131594
013135151
013167140
013167587
013176882
013177644
013183471
013187498
013188303
013197958
013207233
013209127
013209305
013220472
013220498
013223457
013225056
013225133
013226342
013227497
013238063
013238100
013238462
013239388
013239483
013241435
013244255
013245141
013245228
013246309
013247279
013250040
013250338
013252543
013252629
013252671
013253445
013254353
013254407
013258692
013266232
013266254
013266386
013271157
013291831
013293470
013293554
013297811
013298235
013298375
013299296
013304180
013305808
013305915
013311776
013328898
013328914
013330505
013331672
013333094
013335286
013336223
013337080
013338883
013339088
013342225
013345385
013346072
013346101
013346117
013346192
013346622
013347244
013347692
013347770
013350686
013350827
013351177
013351344
013351390
013351396
013351401
013351592
013351781
013351947
013352084
013352108
013352177
013352747
013352785
013352836
013352861
013353462
013354959
013355144
013355488
013357104
013357536
013357635
013357662
013357675
013357678
013358159
013358202
013358258
013358372
013359309
013359735
013361058
013361499
013361911
013362200
013363259
013364420
013365242
013366904
013367581
013367985
013373264
013377446
013377666
013378442
013378796
013380292
013381709
013381941
013384751
013385620
013387355
013387362
013387908
013388546
013389056
013391074
013391080
013393352
013395976
013396895
013401617
013405724
013405743
013405878
013406234
013411566
013412516
013414124
013418300
013425826
013433008
013433082
013434040
013434580
013434769
013434796
013440764
013440877
013442041
013443853
013443996
013444024
013445041
013445282
013445303
013445634
013445699
013445886
013445926
013446159
013447271
013447305
013447321
013448367
013453258
013453282
013453326
013453776
013456486
013456659
013458100
013458143
013458210
013461559
013462023
013466103
013468455
013468509
013468643
013468703
013468748
013468751
013469328
013469355
013469402
013469658
013471382
013471567
013476917
013491335
013492996
013493480
013493577
013496926
013497535
013498220
013498343
013499226
013499360
013499373
013500769
013500997
013501266
013507149
013508441
013509764
013513422
013515605
013528403
013528502
013528842
013528887
013528985
013545479
013546346
013548833
013548977
013549546
013549665
013551461
013551671
013551772
013554703
013555567
013556943
013557024
013557134
013558448
013558694
013559292
013560677
013561006
013561919
013564578
013565729
013565901
013572027
013572302
013574581
013574998
013575660
013575944
013581322
013587202
013587290
013587873
013593437
013596965
013598149
013598976
011453558
011459036
011459832
010488347
005479060
005506243
020088236
019612388
020308958
020372080
020492399
017474625
019054344
019054481
019054484
016245350
016245714
016245724
016253225
016260478
016268860
016271717
016276618
016282937
016292926
016318068
016318134
016332982
016336289
016336426
016336527
016382971
016384986
016386393
016415078
016417461
016417498
016418628
016419756
016419791
016419819
016419844
016419909
016419969
016420014
016420100
016420114
016420132
016420365
016420381
017568839
017622027
017630108
017632148
017633812
017670832
017683125
017735441
017842013
017842089
017845205
018188064
018189855
018191892
018192008
018195939
018196002
018196060
018196231
018201298
015101267
015101473
015101605
015102277
015102432
015102468
015102501
015102635
015105108
015105153
015105401
015106556
015106766
015106771
015107038
015107590
015108321
015112869
015112911
015114901
015115010
015120926
015121146
015121268
015172078
015172311
015172579
015177919
015246377
015246591
015246595
015263302
015263566
015269630
015272047
015272150
015272226
015272326
015288390
015288440
015289984
015290097
016424988
016425004
016425015
016425034
016425038
016425053
016425322
016425399
016425485
016425513
016425525
016425619
016425679
016426002
016426021
016426029
016426074
016426083
016426087
016426109
016427198
016427210
016427229
016427384
016427458
016427475
016427542
016427576
016429012
016471591
016476542
016476557
016476573
016476610
016477002
016491404
016496606
016496622
016496649
016496669
016496780
016500292
016500341
016500362
016500369
016500495
016502620
016504878
016505026
016523307
016527430
016528731
016528826
016528882
016528919
016529039
016593741
016599640
016599989
016600097
016601436
016601466
016601481
016601555
016601693
016602382
016602450
016620410
016622969
016623063
016623393
016623403
016623430
016623436
016623523
016623677
016624318
016624325
016624336
016624384
016627548
016627567
016627603
016627612
016629493
016629502
016629530
016629546
016629550
016629553
016629576
016629590
016629633
016629650
016629688
016629721
016629784
016629802
016629815
016629839
016629866
016629902
016629932
016629943
016630037
016630073
016630078
016630113
016630159
016630810
016631240
016631245
016631251
016631257
016631269
016631275
016631291
016631304
016631312
016631329
016631340
016631362
016631380
016631392
016631429
016631453
016631503
016631511
016631523
016631556
016631574
016631593
016631604
016631686
016631689
016631701
016631782
016631810
016631832
016631859
016631885
016631916
016631948
016631988
016631999
016632057
016632069
016632107
016633010
016633116
016633126
016633153
016633161
016633178
016633192
016633218
016633250
016633260
016633270
016633335
016633342
016633363
016633373
016633405
016633451
016633454
016633475
016633480
016633494
016633502
016633511
016633521
016633532
016633542
016633550
016633553
016633580
016633598
016633604
016633902
016633912
016633921
016633928
016633932
016633935
016633951
016633963
016633971
016633987
016634034
016634044
016634050
016634066
016634072
016634083
016634096
016634484
016634496
016634516
016638178
016645924
016646039
016646080
016646176
016651659
016652493
016653393
016739213
016739354
016739361
016770866
016804589
016807412
016809462
016817817
016818052
016818204
016821312
016824202
016824241
016878630
016880974
016881009
016881023
016881043
016897286
016897398
016899763
016899846
016903583
016967381
016969247
016986349
017043279
017043295
017109691
017114050
017123252
017123329
017123509
017123524
017132372
017145353
017146870
017364139
017368422
017395915
017395979
017411210
013600000
013608898
013609462
013609775
013611365
013611497
013612315
013614331
013620434
013625317
013625981
013626242
013626287
013636942
013638438
013638983
013647764
013648728
013652767
013652951
013653215
013655127
013657630
013657729
013658402
013658667
013669251
013669313
013669564
013676120
013677536
013679195
013680266
013681191
013685042
013685600
013685779
013686067
013686096
013693883
013695772
013696129
013696583
013697186
013697349
013698355
013700490
013701177
013701383
013701413
013702596
013702611
013702640
013702675
013702960
013703771
013703799
013703862
013703891
013703909
013704007
013705688
013706409
013707186
013707377
013707404
013707445
013707806
013708338
013710666
013713838
013717387
013717781
013731691
013731934
013732168
013732178
013733918
013733921
013737339
013737456
013737583
013739740
013740421
013742036
013742452
013747450
013748549
013750352
013750711
013750809
013750845
013752843
013752871
013752893
013755192
013755280
013755290
013755394
013755434
013756934
013757041
013757228
013757512
013757532
013757813
013757917
013757957
013758308
013759606
013760322
013760558
013760620
013763614
013763748
013764520
013764916
013764944
013765047
013765353
013766415
013768653
013769297
013771145
013772007
013772166
013776992
013777680
013780167
013780972
013782257
013803464
013804920
013806678
013806721
015293836
015294191
015299031
015299535
015300558
015300984
015309094
015328901
015331121
015333638
015369900
015369938
015378921
015477086
015480718
015482534
015482642
015482847
015485237
015486243
015488598
015491022
015496872
015506983
015509683
015510003
015514383
015514682
015525525
015534551
015536667
015542865
015544574
015544668
015561461
015574608
015581857
015581888
015581916
015582491
015587837
015613552
015613650
015645461
015666162
015672394
015684481
015694191
015694327
015708970
015709562
015730768
015730818
015738368
015740990
015751691
015757202
015759882
015764501
015764657
015764688
015764713
015764730
015783277
015788373
015788475
015788508
015788539
015788544
015788700
015788865
015789263
015789289
015791530
015791751
015791764
015791797
015791858
015791915
015792176
015792233
015792244
015792264
015792301
015792372
015792398
015792406
015792517
015795943
015796541
015796584
015796635
015797094
015798213
015798240
015798299
015798371
015798382
015798387
015800393
015800432
015800731
015801438
015801705
015801773
015802563
015802602
015802662
015802702
015802723
015802769
015802921
015802936
015803016
015803182
015803338
015808287
015866265
015868338
015882508
015887521
015898515
015948222
015961900
015961928
015961981
015961985
015961991
015961993
015962683
015962686
015962711
015962798
015962847
015962864
015962907
015962920
015962922
015962981
015962985
015963002
015963012
015963021
015963036
015963063
015963081
015963087
015963101
015963242
015963243
015963246
015963247
015963254
015963278
015963284
015963312
015963329
015963337
015963370
015963477
015963494
015963504
015963537
015966936
015966954
015966984
015977475
015997398
016003210
016003215
016003261
016003267
016003331
016003378
016003387
016003401
016003951
016006401
016008823
016010732
016016322
016016533
016017556
016017636
016018188
016018211
016018391
016024792
016024911
016028640
016106321
016120987
016121079
016121869
016164598
016169423
016171037
016209297
016209316
016209444
016216550
016217803
016549904
016563860
016563993
016565720
016565779
016627722
016641489
016641502
016645929
016645983
016645987
016645996
016646019
016646029
016646161
016646301
016646308
016646328
016646381
016646394
016646400
016646406
016646415
016646818
016646832
016646843
016646849
016646851
016648544
016648702
016648743
016648771
016648778
016648798
016648845
016651654
016651656
016651662
016651667
016651671
016651681
016651683
016651941
016651993
016652461
016652497
016652518
016652519
016652521
016652580
016652587
016652593
016652620
016652633
016653383
016653404
016653431
013809489
013812384
013812516
013812980
013819156
013819554
013821266
013835346
013835383
013835743
013836018
013836092
013943293
013952330
014051040
014053981
014058435
014099402
014099673
014375260
014408716
014459577
014462487
014465269
014465467
014465587
014465720
014465916
014466005
014466072
014466417
014468722
014470814
014470875
014470946
014471137
014472179
014473353
014473894
014482592
014482901
014483643
014484657
014486608
014486805
014490664
014490762
014492369
014501132
014503472
014517207
014518506
014518529
014521463
014527997
014528162
014528329
014528391
014533031
014535996
014536077
014538137
014564057
014564675
014565707
014570285
014571528
014571752
014571798
014571823
014576764
014576854
014576897
014582617
014583361
014583384
014588906
014597048
014599596
014600806
014603134
014603160
014606036
014606103
014615843
014619387
014620382
014623417
014625547
014628030
014628344
014629399
014634904
014634984
014635855
014636330
014636685
014637076
014643782
014649167
014649538
014649743
014649899
014650230
014650305
014650337
014650436
014650536
014673117
014678198
014678260
014678291
014678579
014678678
014678907
014678979
014679339
014681742
014681899
014681995
014682610
014682636
014682668
014682685
014683055
014683678
014683702
014683858
014684633
014684851
014684892
014687129
014688363
014690146
014692820
014693061
014696042
014705951
014746020
014756910
014758463
014758542
014761423
014761552
014761672
014761731
014762154
014762193
014762333
014762372
014764318
014764578
014766670
014766860
014770599
014776609
014779356
014786372
014786485
014786559
014786639
014786995
014798812
014820291
014846465
014851528
014851688
014857165
014859968
014862575
014876957
014882563
014882683
014888575
014890155
014890704
014890722
014893156
014898583
014898644
014902706
014905905
014905949
014907047
014907061
014907194
014908159
014914600
014914675
014916948
014917011
014918913
014927676
014927799
014928475
014935865
014936677
014938777
020781990
021059542
021083846
012432016
012432346
012434905
012435126
013113370
013223574
013225231
013345452
013349547
013352070
013357598
013376069
013406412
013484281
013493423
013501353
011482961
016332762
016332833
016382872
016382908
016386448
016415049
015101560
016425545
016425593
016602435
013714990
015401819
015477162
015482058
015488662
015798412
016648785
016648801
014703337
013486272
013515182
013532258
017460885
016335354
018019330
018176996
018198436
016692846
016897362
016934503
016934574
016935292
016935339
016949299
016967444
016967655
016992636
016999192
016999212
017014684
017022542
017022577
017022706
017026874
017027243
017027249
017027251
017027308
017028070
017028085
017035115
017035120
017035205
017035207
017046638
017046646
017066413
017066414
017066415
017066416
017066419
017066420
017066696
017066698
017077136
017085245
017131373
017131606
017163585
017171247
017171323
017171339
013602217
013602220
013716106
013734101
015302651
015362548
015385720
015385723
015505682
015529947
015861396
015861988
015870353
015897688
015966449
014587093
014587096
014628611
014635140
014698404
014853431
014907805
020780948
012283684
012283717
012283728
012283810
012283820
012283838
012877452
012970345
012974066
013000517
013037010
013037158
013070933
013072834
013078929
013102860
013125697
013178465
013192020
013192025
013192053
013192101
013192102
013192130
013196702
013200315
013208798
013209232
013214723
013223823
013227423
013241827
013248569
013266847
013272937
013276468
013277392
013277997
013278094
013285284
013285287
013298837
013300190
013307209
013312957
013317431
013321583
013322008
013346616
013352205
013356110
013358412
013360116
013367428
013373701
013382580
013382625
013401173
013401186
013410450
013410457
013410467
013412070
013414845
013416691
013416848
013418099
013424609
013427077
013427158
013434723
013441408
013441463
013441493
013441502
013441522
013441533
013446248
013448626
013452516
013458082
013458754
013458767
013458777
013458835
013468257
013472522
013479402
013486273
013486274
013486275
013486278
013490391
013493529
013496397
013500156
013510006
013520419
013532257
013532263
013532264
013532265
013534341
013549603
013561858
013573099
013580076
013580080
013580102
013581893
013598194
013598351
010980612
006605639
006650291
006892870
006899282
006920834
006926616
006955513
019446326
019452140
015103205
015110836
015178636
015179015
013609048
013619788
013619809
013619866
013627712
013637162
013638627
013648298
013648588
013649881
013657327
013658981
013680012
013690497
013698371
013710335
013710998
013717616
013735388
013737937
013754425
013755359
013765425
013766664
013766833
013775092
013791020
013797018
013798458
013801307
013801761
013807152
015331347
015389740
015471866
015677089
015704726
015737952
015761444
015824190
015848989
015953021
016005931
013827940
013829623
013832322
013834682
013836357
013887967
014049424
014050917
014053894
014054061
014273978
014342828
014461850
014475697
014489378
014489557
014501896
014568687
014574646
014583395
014599636
014617344
014627750
014637074
014653085
014681106
014686932
014701255
014708873
014760144
014763334
014775182
014785108
014833987
014833991
014833997
014834001
014834005
014834009
014857078
014863291
014863510
014880858
014910640
012391989
012392351
012396406
012432982
012433404
012433888
013035043
013454069
013551649
008543746
009222587
007183521
007860237
005502820
019054456
013682971
015620940
015699822
015699937
014050595
014923054
013428151
013430618
013430914
013434969
013499587
013504661
013504663
013515193
013520423
013520426
013520434
013548774
013556948
013589792
018924554
017649801
018362359
016613300
016645826
016870435
016897180
016990406
013629229
013641380
013647150
013649147
015298334
015414444
015417417
015420678
015454789
015460606
015480483
015491770
015607939
015653125
015677352
015737282
015752322
015763863
015766320
015814920
015829228
015831513
015848672
015883315
013953708
014276495
014526026
014526171
014532465
014584821
014588489
014649160
014700256
014764454
014929354
013183926
006641357
012432706
012432707
012432721
012432780
012432896
012432905
012432911
012432941
012432949
012432956
012432972
012432998
012434067
012433832
013755260
014571164
012432442
012431874
012434521
020125258
017627186
012431864
012434049
019748463
016322045
016425376
016727131
020125270
017624302
012431915
012432102
014473447
020485927
016435551
017123474
020804194
012431888
012431919
012431921
012431927
012431936
012431959
012431967
012431970
012431978
012431983
012432011
012432091
012432098
012432113
012432115
012432125
012432145
012432204
012432207
012432210
012432221
012432224
012432243
012432247
012432274
012432276
012432342
012433004
012433007
012433127
012433198
012433425
012433554
012433726
012433816
012433950
013093869
013104790
013334232
013545993
013549963
013562309
019611509
019612428
020332879
017595648
017595659
017595706
018188173
018188219
018189760
018189767
018241423
018241447
016427349
017348530
017365697
017365707
013680117
013718134
013807835
014468754
014471820
014649234
014683935
012432123
017026909
007160449
007160451
013416841
013441483
013441514
007160448
014578249
016798293
013415406
018431370
017933343
012438871
018358172
016627477
014709779
016424469
017028267
016602386
009316442
011482728
008895440
012088519
007197729
015392880
020158153
