014509042
007194428
007196311
013786323
014503813
009534954
004930708
014509320
008631635
011134608
005413816
005421454
005421512
005443391
005444289
005550494
014478955
012909923
010469376
008205860
013798882
012917410
009096006
007751607
006926105
006929322
007052140
012248892
012446874
009870631
007181379
007181380
007188724
005399087
013733757
014501490
014873426
014897732
009542447
012468650
013834911
012949523
013359059
013721638
011533692
009117223
009129626
008272428
006021167
006024813
006027184
006030845
006032007
006034112
006041807
006041809
006041810
006069723
006076191
006082298
006082837
006085002
006086172
006087385
006089189
006091512
006092183
006093713
006102688
006104761
006114791
006115964
006116429
006116546
006116733
006120210
006122650
006126577
006126590
006127421
006128650
006129076
006131481
006133803
006134886
006135196
006135336
006135503
006137286
006137296
006138363
006139768
006139953
006140991
006142755
006143000
006143925
006145261
006145951
006146121
006146772
006147966
006148182
006148451
006148867
006148874
006150588
006150626
006153317
006153321
006153506
006153710
006153808
006154766
006154805
006155111
006155230
006155240
006156131
006156320
006157357
006157399
006159240
006159764
006159852
006160126
006161273
006161274
006161511
006162182
006162190
006162438
006162448
006163099
006163262
006163692
006164261
006165107
006165982
006166019
006166652
006166934
006167451
006167489
006167730
006167745
006168737
006169739
006169851
006169898
006170957
006171825
006172379
006172514
006173057
006174657
006175268
006176253
006176463
006178495
006178496
006178497
006178498
006178616
006178617
006178618
006178619
006178623
006178624
006178625
006178631
006178632
006178633
006178634
006178635
006178638
006178639
006178642
006178644
006178645
006178646
006178907
006178909
006178916
006178973
006179694
006179702
006179703
006179704
006180064
006180148
006180150
006181128
006182156
006182238
006182488
006182798
006184939
006184940
006186411
006187459
006188828
006188835
006189453
006189935
006191539
006192404
006192479
006194701
006195129
006195528
006195903
006196994
006197652
006197781
006197796
006198739
006199644
006200515
006201187
006201357
006201371
006201441
006201563
006201854
006202124
006202578
006203735
006204033
006205200
006205446
006205452
006208636
006208953
006208954
006209080
006209829
006209956
006210003
006210105
006210247
006210277
006212527
006212802
006213050
006213106
006213132
006213543
006213715
006214168
006214260
006214302
006214934
006215248
006215249
006215256
006215265
006215609
006215749
006216343
006216375
006217215
006217785
006218075
006218398
006218701
006219132
006219140
006219431
006219454
006219482
006219485
006219509
006219525
006219542
006219757
006220133
006220137
006220139
006220244
006220266
006220279
006220287
006220299
006220301
006220311
006220314
006220325
006220408
006220826
006220842
006220857
006220858
006221043
006221052
006221075
006221303
006221304
006221595
006221597
006221945
006222342
006222351
006222567
006222611
006223776
006223783
006223785
006224413
006224432
006224719
006225356
006225359
006226117
006226124
006226365
006226366
006226367
006227180
006227997
006228055
006228072
006228108
006228130
006228376
006228381
006228394
006228570
006228897
006230193
006231482
006231503
006231539
006231552
006231560
006231592
006231877
006231882
006231906
006231920
006232762
006232780
006233036
006233069
006233679
006233730
006233732
006233734
006234089
006234112
006234226
006234533
006234896
006235595
006235767
006235839
006236107
006236360
006236377
006236554
006236558
006236579
006236587
006236814
006237298
006237318
006237468
006237506
006237732
006237986
006238668
006238680
006238708
006238955
006238989
006239077
006239936
006239937
006240293
006240561
006240562
006240758
006240843
006240845
006240854
006241056
006241064
006241066
006241074
006241270
006241293
006241535
006242991
006242992
006243595
006243597
006243980
006243996
006244963
006245005
006245241
006245411
006245439
006245477
006245781
006245842
006246188
006246224
006246461
006246647
006246824
006247172
006247187
006247188
006247368
006247380
006247381
006247382
006247791
006247818
006247976
006247987
006248115
006248296
006250760
006250772
006250777
006250986
006251279
006251332
006251631
006251658
006251660
006252026
006252048
006252052
006252054
006252059
006252069
006252593
006253194
006253202
006253210
006253615
006253643
006253933
006253934
006253935
006253936
006253984
006253986
006254160
006254179
006254203
006254501
006254503
006254529
006254530
006254538
006254876
006254944
006255268
006255269
006256213
006256373
006256575
006256576
006256589
006256592
006256603
006256643
006256739
006256742
006256753
006256805
006257160
006257245
006257666
006257814
006258203
006258205
006258210
006258218
006258224
006258261
006258264
006258584
006258590
006258851
006258860
006258868
006258983
006259006
006259008
006259015
006259016
006259196
006259201
006259444
006259674
006259723
006259925
006259945
006259957
006260135
006261604
006261635
006261815
006261875
006262984
006263294
006263316
006263525
006263746
006263859
006264105
006264401
006265156
006265394
006265458
006265898
006265914
006265915
006266708
006266918
006266923
006267139
006267505
006267908
006267952
006268634
006269629
006269778
006270343
006270758
006270767
006271070
006271077
006271895
006272358
006272918
006272920
006272926
006273335
006273825
006274006
006274365
006274396
006274419
006274431
006274714
006274723
006275270
006275278
006275441
006275699
006276355
006276868
006276874
006276924
006277122
006277127
006277341
006277362
006277369
006277371
006277399
006277401
006277885
006278285
006278287
006278786
006279296
006279318
006279327
006279328
006279331
006279332
006279338
006279741
006279930
006279966
006279969
006279976
006280003
006280009
006280290
006280582
006280611
006280617
006280619
006280776
006280778
006281009
006281069
006281083
006281084
006281316
006281991
006282422
006282448
006282459
006282464
006282470
006283445
006283459
006283475
006283678
006283681
006283684
006284031
006284171
006284183
006284772
006284793
006284800
006284801
006284805
006285783
006285851
006286036
006286057
006286315
006286518
006286519
006286799
006287647
006288142
006288368
006288372
006288411
006288435
006288436
006288438
006288445
006288447
006288656
006288657
006288659
006288660
006288675
006288684
006288797
006288969
006288977
006288982
006289185
006289191
006289193
006289765
006289768
006289777
006290361
006290549
006290722
006291104
006291105
006291107
006291563
006291750
006292341
006292703
006293064
006293093
006293782
006294226
006294228
006294473
006294515
006294520
006294708
006294709
006295601
006295886
006296368
006296369
006296370
006296538
006296623
006297002
006297155
006297165
006297351
006297354
006297356
006297415
006297426
006297433
006297434
006297844
006297854
006297857
006297859
006298294
006298299
006298539
006298541
006298545
006299078
006299089
006299290
006299292
006299544
006299801
006300722
006300751
006300754
006300974
006300975
006301864
006302732
006302770
006303422
006304079
006304241
006304259
006304548
006304549
006304558
006304562
006304573
006304979
006304982
006304985
006305323
006305324
006305498
006306076
006306238
006306263
006306264
006306459
006306481
006307021
006307041
006307357
006307601
006308179
006308183
006308189
006308216
006308673
006308909
006309517
006309531
006309537
006309913
006309914
006309925
006310076
006310438
006310572
006310575
006312316
006312503
006312505
006312507
006313848
006314022
006314030
006314195
006314369
006314596
006314789
006314950
006314951
006314959
006315419
006315439
006315445
006315449
006315634
006316384
006316430
006316594
006316595
006316710
006316925
006317209
006317218
006317220
006317222
006317225
006317432
006317435
006317573
006318118
006318469
006318568
006318571
006319000
006319181
006319182
006319183
006319187
006319327
006319328
006319329
006319332
006319513
006319730
006319731
006319744
006319755
006319948
006319967
006320132
006321138
006321166
006321361
006321378
006321379
006321381
006321383
006321435
006321752
006321753
006322492
006322712
006322723
006322894
006322895
006323082
006323083
006323414
006323451
006323655
006328086
006330646
006330788
006330792
006330804
006331001
006331043
006331047
006331048
006331051
006331054
006331057
006331101
006331224
006331226
006331227
006331233
006331275
006331277
006331288
006331298
006331302
006331310
006331312
006331369
006331452
006331571
006331576
006331615
006331616
006331823
006331828
006331862
006331871
006331933
006332047
006332113
006332665
006332666
006332674
006332710
006332717
006332767
006332768
006332845
006334225
006335389
006341913
006341921
006344168
006345538
006350178
006351055
006355479
006357590
006359155
006361795
006364301
006365518
006366918
006369302
006371886
006374396
006376490
006389406
006393371
006395294
006401340
006405218
006417263
006418001
006418794
006423473
006427251
006432452
006433141
006442318
006450340
006450443
006450450
006454977
006464398
006469445
006470039
006477661
006482580
006483810
006497852
006502939
006507444
006511983
006516922
006523245
006525854
006526226
006534026
006540909
006552079
006560144
006564469
006570741
006586299
006586310
006593310
006597868
006606861
006609634
006614326
006614463
006619985
006623782
006631586
006636269
006637000
006638289
006639412
006643455
006644010
006645736
006647235
006648914
006649537
006650178
006650529
006651726
006655678
006655824
006655829
006655958
006657929
006657930
006660915
006661853
006662941
006663024
006663116
006663261
006663330
006663923
006664714
006664715
006664985
006665289
006665634
006666888
006667498
006667834
006667975
006668972
006669149
006669295
006669732
006669825
006670338
006670504
006670627
006670734
006670925
006670934
006671060
006671078
006671281
006671556
006905490
006910471
006914592
006932816
006945076
006953458
006953846
006953851
006953861
006954198
006954202
006956834
005715990
005727828
005828619
005959487
005961506
005965175
005970849
005970996
005971000
005973360
005976128
005983217
005983221
005989733
005993292
005996351
005999912
006001066
006003012
006004148
006005560
006006257
006006330
006014603
015576704
014295389
012087996
005430998
013308458
013323215
013344943
013561748
013087506
005398700
006889991
007168140
013820006
020644187
020644507
020644553
020644752
020644909
020644962
020645035
020645191
020645319
020645576
020645840
020645857
020645895
020646398
020646530
020646637
020646641
020646821
020647532
020648003
020648475
020648944
020648951
013677220
019724120
008879347
013603698
012920495
012937693
012937883
012946228
012946235
009716411
009716480
006304672
006896064
014769003
012441672
012442929
011116026
009875325
009893579
010500705
005569691
005570292
005571227
009697273
005566507
005570075
012605490
012990580
013244830
013436260
013453416
013473961
013605604
013605693
013609454
010357970
009493053
007205087
007373051
007605975
007610673
007618370
007619612
008279196
008279197
008279198
008279199
008511347
006114684
006268140
006671744
006671750
006671751
006671757
006671759
006671762
006671763
006671766
006671770
006671773
006671774
006671776
006671777
006671779
006671780
006671784
006671787
006671788
006671790
006671792
006671793
006671794
006671797
006671804
006671805
006671808
006671809
006671810
006671814
006671817
006671818
006671847
006671848
006671872
006671879
006671880
006671888
006671893
006671896
006671898
006671923
006671926
006671928
006671930
006671931
006671932
006671935
006671941
006671942
006671944
006671946
006671947
006671948
006671951
006671952
006671955
006671956
006671957
006671958
006671959
006671961
006671963
006671967
006671968
006889257
006889871
006889956
006889989
006890118
006890250
006890310
006890321
006890476
006890731
006890834
006892206
006892440
006892570
006892648
006892735
006892750
006892821
006893323
006893577
006893758
006893765
006894465
006896024
006897574
006898296
006898314
006898574
006898587
006899446
006899733
006900154
006901062
006901294
006901409
006901759
006901794
006901899
006902511
006903240
006904894
006905027
006905031
006905033
006905034
006905035
006905036
006905037
006905040
006905041
006905045
006905049
006905905
006905921
006905955
006905956
006906001
006908294
006908619
006908725
006909344
006909891
006910335
006910484
006911371
006911519
006911647
006911649
006913467
006913472
006913528
006914030
006914045
006914298
006914335
006914448
006914488
006914602
006914672
006914683
006914722
006914744
006914932
006914934
006914936
006915357
006915513
006916871
006917367
006917388
006918195
006919233
006921934
006921951
006921981
006921982
006922125
006922577
006925016
006925197
006925562
006925958
006927633
006929251
006929252
006929419
006929427
006930032
006930416
006931166
006931265
006931310
006931416
006931504
006931601
006932044
006932842
006933758
006933893
006934477
006934628
006934786
006935739
006935745
006936119
006936731
006936797
006936934
006937344
006937501
006937875
006937904
006938011
006938022
006938203
006938280
006938386
006938395
006938548
006938564
006938572
006939077
006939357
006939542
006939654
006940439
006940616
006940642
006940645
006940647
006940648
006940651
006940668
006940671
006940684
006940686
006940689
006940705
006940712
006940717
006940737
006940739
006940759
006941049
006941075
006941265
006941340
006941341
006941344
006941348
006941407
006941417
006941428
006941433
006941458
006941732
006941875
006941877
006942078
006942368
006942439
006942440
006942441
006942465
006942466
006942506
006942515
006942518
006942520
006942563
006942564
006942586
006942606
006942608
006942626
006942653
006942667
006942674
006942684
006942690
006942726
006942781
006942806
006942820
006942821
006942829
006942913
006942951
006942954
006942958
006942961
006942966
006942967
006943009
006943021
006943022
006943023
006943031
006943035
006943063
006943094
006943187
006943189
006943195
006943229
006943232
006943262
006943302
006943304
006943312
006943371
006943391
006943395
006943410
006943411
006943412
006943430
006943435
006943442
006943443
006943444
006943445
006943446
006943447
006943448
006943461
006943474
006943487
006943491
006943874
006944640
006945002
006945012
006946424
006946521
006946947
006946948
006947299
006947489
006947629
006948158
006948199
006948207
006948209
006948210
006948258
006948452
006948524
006948585
006948586
006948587
006948588
006948590
006948627
006948743
006948855
006948867
006948886
006948889
006948892
006948893
006948931
006948961
006949496
006949502
006950998
006951016
006951017
006951197
006951198
006951470
006952054
006952735
006952912
006952959
006952983
006953007
006953166
006953197
006953204
006953382
006953447
006953855
006953856
006953859
006953860
006953866
006953867
006953878
006953879
006953886
006953890
006953891
006953937
006953997
006954041
006954216
006954221
006954232
006954240
006954243
006954244
006954245
006954247
006954250
006954254
006954255
006954257
006954258
006954277
006954303
006954713
006954721
006954725
006955227
006955348
006955637
006955638
006955817
006956312
006956313
006956461
006956764
006956859
006956876
006956879
006956883
006956926
006956989
006957042
006957311
006957314
006957472
006957474
006957520
006957647
006958073
006958154
006958254
006958255
006958377
006958445
006959229
006959580
006959607
006959714
006960499
006960508
006960515
006960795
006965283
006965306
006966527
016293079
013611656
013624404
013804928
015671603
015671607
015694538
015728080
015895969
015896032
015896039
015896058
015896062
015896084
014940516
015895960
014462500
005568429
005570421
005571147
012088898
012089475
012089611
012090386
012410388
012413505
012423913
012424976
012428507
012435367
012435428
012436163
012436410
012440748
012441156
012900022
012900037
012900038
012900043
012903500
012903799
012904582
012905187
012906960
012907451
012907452
012907977
012909570
012910209
012910245
012911124
012911131
012911133
012911135
012911139
012913815
012916496
012916977
012916978
012917076
012920018
012920168
012920169
012920226
012920317
012920341
012920343
012920396
012920400
012921197
012922011
012922207
012922209
012922283
012922977
012923054
012923057
012923257
012923611
012923617
012923949
012923989
012924483
012925770
012926580
012926611
012927147
012927367
012927935
012928067
012928099
012935340
012944095
012956701
012957810
012961908
012974995
012979200
012979202
012994678
013000462
013015030
013030456
013049220
013054530
013054646
013055806
013065681
013066634
013091317
013097112
013098637
013117086
013117747
013119645
013121213
013121315
013121333
013122567
013122711
013122726
013122740
013122745
013127222
013127781
013127790
013127818
013127982
013128271
013129158
013132754
013137075
013137199
013159846
013159848
013172480
013177090
013177191
013178618
013182983
013184254
013187556
013192009
013192436
013193996
013194490
013197689
013211988
013212801
013214805
013217227
013219246
013220504
013222905
013223560
013224142
013224466
013242416
013248046
013258695
013272611
013280179
013281003
013285357
013285883
013286246
013289453
013299150
013307065
013311543
013319685
013329609
013337021
013338347
013338650
013341862
013344987
013346484
013347956
013350315
013355658
013358872
013361923
013364137
013364342
013365047
013368454
013369635
013369652
013372411
013374432
013377316
013379461
013379961
013382303
013382653
013382753
013383019
013385093
013385371
013385441
013390144
013393161
013393180
013393192
013393202
013393213
013393291
013393301
013393315
013401004
013406767
013406805
013406830
013406850
013406874
013406884
013406899
013406912
013422735
013432575
013432582
013433142
013435380
013435509
013435557
013439043
013453837
013462274
013464005
013468443
013468553
013487377
013502901
013520253
013520335
013528285
013528308
013534916
013679399
011103799
011146818
011287070
011452601
011456325
011457198
011457461
011458090
011459368
011747943
012435310
012435575
012435665
012435730
012435801
012436275
012436289
012436572
012436834
012436984
012437106
012437807
012438146
012438346
012438686
012438735
012439089
012439274
012439396
012440148
012440456
012441153
012441348
012441376
012441477
012441544
012442378
012442520
012443010
012443014
012443567
012443836
012443928
012444129
012444679
012444731
012444853
012444903
012444982
012445150
012445411
012445561
012445563
012445573
009853247
009878053
009880025
010461075
010465133
010818325
010822050
008516680
008525641
008555923
008593555
009182408
009204642
007203168
007847013
007887666
007890411
005401120
005405788
005410273
005421712
005428897
005446238
005459392
005462973
005479956
005483544
005487933
005490835
005492469
005496873
005504209
005516096
005523563
005527001
005534395
005538320
005549203
005553539
005556231
005556240
005556247
005556258
005556287
005556304
005556321
005556322
005556328
005556329
005556342
005556344
005556350
005556354
005556366
005556372
005556373
005556389
005556425
005556428
005556432
005556436
005556440
005556455
005556456
005556460
005556504
005556513
005556519
005556537
005556542
005556543
005556561
005556563
005556567
005556572
005556598
005556603
005556608
005556634
005556639
005556668
005556702
005556706
005556720
005556722
005556735
005556761
005556764
005556771
005556781
005556788
005556796
005556798
005556803
005556806
005556854
005556861
005556887
005556893
005556910
005556942
005556949
005556954
005556974
005556979
005556992
005556993
005557024
005557053
005557056
005557071
005557079
005557082
005557095
005557103
005557107
005557108
005557124
005557127
005557146
005557148
005557195
005557206
005557227
005557240
005557265
005557292
005557295
005557300
005557305
005557384
005557388
005557427
005557464
005557483
005557485
005557495
005557513
005557520
005557555
005557566
005557600
005557674
005557678
005557711
005557739
005557740
005557744
005557745
005557749
005557764
005557766
005557772
005557774
005557783
005557788
005557790
005557805
005557813
005557822
005557840
005557853
005557868
005557878
005557889
005557899
005557901
005557909
005557911
005557916
005557926
005557932
005557938
005557953
005557954
005557984
005558001
005558009
005558018
005558021
005558023
005558031
005558037
005558051
005558052
005558056
005558060
005558065
005558067
005558086
005558097
005558100
005558104
005558120
005558135
005558179
005558205
005558209
005558230
005558237
005558242
005558245
005558248
005558269
005558277
005558282
005558286
005558303
005558317
005558323
005558343
005558370
005558377
005558386
005558390
005558452
005558455
005558480
005558485
005558495
005558513
005558538
005558553
005558557
005558558
005558627
005558636
005558661
005558691
005558707
005558723
005558727
005558731
005558739
005558752
005558755
005558761
005558763
005558775
005558781
005558801
005558854
005558856
005558931
005558938
005558943
005558945
005558958
005558962
005558976
005559000
005559033
005559049
005559060
005559101
005559128
005559130
005559135
005559137
005559146
005559158
005559170
005559180
005559184
005559210
005559221
005559222
005559225
005559231
005559237
005559248
005559257
005559288
005559362
005559381
005559387
005559417
005559425
005559448
005559450
005559456
005559459
005559473
005559484
005559491
005559504
005559520
005559544
005559552
005559562
005559564
005559623
005559637
005559656
005559699
005559703
005559712
005559739
005559746
005559755
005559757
005559758
005559786
005559793
005559821
005559853
005559855
005559857
005559862
005559909
005559926
005559964
005559989
005559998
005560058
005560117
005560120
005560128
005560153
005560158
005560180
005560207
005560223
005560229
005560240
005560255
005560270
005560272
005560276
005560300
005560302
005560318
005560335
005560350
005560362
005560372
005560394
005560408
005560414
005560416
005560442
005560456
005560491
005560501
005560502
005560510
005560516
005560522
005560525
005560527
005560534
005560552
005560558
005560588
005560600
005560607
005560609
005560617
005560618
005560635
005560636
005560639
005560670
005560688
005560699
005560739
005560745
005560756
005560776
005560794
005560808
005560827
005560839
005560863
005560866
005560892
005560897
005560931
005560951
005560952
005560971
005560973
005560996
005561000
005561001
005561025
005561058
005561060
005561061
005561068
005561072
005561095
005561112
005561118
005561127
005561139
005561148
005561177
005561183
005561184
005561210
005561217
005561258
005561273
005561277
005561278
005561281
005561289
005561291
005561308
005561317
005561318
005561331
005561350
005561351
005561365
005561370
005561374
005561384
005561391
005561408
005561415
005561451
005561461
005561505
005561510
005561516
005561526
005561541
005561559
005561562
005561570
005561580
005561595
005561606
005561644
005561652
005561660
005561695
005561701
005561716
005561737
005561744
005561747
005561754
005561783
005561794
005561795
005561844
005561881
005561886
005561887
005561892
005561893
005561899
005561912
005561919
005561921
005561930
005561977
005561982
005562005
005562009
005562032
005562036
005562040
005562047
005562060
005562063
005562082
005562086
005562089
005562092
005562097
005562108
005562152
005562160
005562182
005562216
005562217
005562232
005562269
005562276
005562278
005562300
005562316
005562358
005562428
005562429
005562481
005562495
005562521
005562566
005562574
005562576
005562588
005562601
005562619
005562641
005562664
005562720
005562744
005562757
005562782
005562787
005562791
005562793
005562797
005562800
005562809
005562817
005562834
005562842
005562850
005562856
005562878
005562890
005562913
005562920
005562931
005562934
005562946
005562948
005562968
005562971
005562978
005562987
005562988
005563005
005563012
005563018
005563029
005563036
005563040
005563050
005563070
005563086
005563097
005563107
005563115
005563117
005563118
005563129
005563167
005563172
005563216
005563230
005563240
005563256
005563368
005563453
005563458
005563538
005563607
005563628
005563633
005563657
005563833
005563864
005563882
005563910
005563939
005563940
005563971
005563989
005563997
005564011
005564047
005564086
005564119
005564140
005564179
005564293
005564338
005564396
005564444
005564493
005564558
005564793
005564795
005564827
005564859
005565003
005565031
005565048
005565070
005565071
005565152
005565156
005565214
005565248
005565273
005565297
005565298
005565389
005565395
005565419
005565470
005565500
005565667
005565687
005565770
005565858
005565860
005565861
005565891
005565941
005565943
005565950
005566076
005567409
005568208
005568209
005568210
005568212
005568213
005568214
005568215
005568216
005568217
005568218
005568219
005568220
005568221
005568222
005568224
005568225
005568226
005568227
005568228
005568229
005568230
005568231
005568232
005568233
005568234
005568235
005568236
005568237
005568238
005568239
005568240
005568241
005568242
005568243
005568244
005568245
005568246
005568247
005568248
005568249
005568250
005568251
005568252
005568253
005568254
005568255
005568256
005568257
005568258
005568259
005568260
005568261
005568262
005568263
005568264
005568266
005568267
005568268
005568269
005568270
005568271
005568272
005568273
005568274
005568275
005568276
005568277
005568278
005568279
005568280
005568281
005568282
005568283
005568284
005568285
005568286
005568287
005568288
005568289
005568290
005568292
005568294
005568295
005568296
005568297
005568298
005568300
005568301
005568302
005568303
005568304
005568305
005568306
005568307
005568308
005568309
005568310
005568311
005568312
005568313
005568314
005568315
005568316
005568317
005568319
005568320
005568321
005568322
005568323
005568324
005568325
005568326
005568327
005568329
005568330
005568332
005568334
005568335
005568336
005568338
005568339
005568341
005568342
005568343
005568344
005568345
005568346
005568348
005568350
005568351
005568352
005568354
005568355
005568357
005568358
005568359
005568360
005568361
005568362
005568363
005568364
005568365
005568366
005568367
005568368
005568369
005568370
005568371
005568372
005568373
005568374
005568375
005568376
005568377
005568378
005568379
005568380
005568381
005568382
005568383
005568384
005568385
005568386
005568388
005568389
005568390
005568391
005568392
005568394
005568395
005568396
005568397
005568398
005568399
005568400
005568403
005568404
005568405
005568407
005568408
005568409
005568410
005568411
005568412
005568413
005568414
005568415
005568417
005568418
005568419
005568420
005568421
005568422
005568423
005568425
005568427
005568428
005568430
005568431
005568432
005568433
005568434
005568435
005568436
005568437
005568438
005568439
005568440
005568441
005568442
005568443
005568445
005568446
005568448
005568449
005568451
005568452
005568453
005568454
005568456
005568457
005568458
005568459
005568460
005568461
005568462
005568463
005568464
005568466
005568467
005568468
005568469
005568470
005568471
005568472
005568473
005568474
005568475
005568476
005568477
005568478
005568479
005568480
005568481
005568482
005568483
005568484
005568485
005568486
005568487
005568488
005568489
005568490
005568491
005568492
005568493
005568494
005568495
005568496
005568497
005568498
005568500
005568501
005568502
005568503
005568504
005568505
005568506
005568508
005568509
005568510
005568511
005568512
005568514
005568516
005568519
005568520
005568521
005568523
005568524
005568525
005568526
005568527
005568528
005568529
005568530
005568531
005568532
005568533
005568534
005568535
005568536
005568537
005568539
005568540
005568541
005568542
005568543
005568544
005568545
005568546
005568547
005568548
005568549
005568550
005568551
005568552
005568554
005568555
005568556
005568557
005568558
005568559
005568560
005568561
005568562
005568564
005568565
005568566
005568567
005568568
005568569
005568570
005568571
005568572
005568573
005568574
005568575
005568576
005568577
005568578
005568579
005568580
005568581
005568583
005568584
005568585
005568586
005568587
005568588
005568589
005568590
005568591
005568592
005568593
005568594
005568595
005568596
005568597
005568598
005568599
005568600
005568601
005568603
005568604
005568605
005568606
005568607
005568608
005568609
005568610
005568611
005568612
005568613
005568614
005568615
005568616
005568617
005568618
005568619
005568620
005568621
005568622
005568623
005568624
005568625
005568626
005568627
005568629
005568630
005568633
005568637
005568638
005568639
005568640
005568641
005568642
005568643
005568644
005568645
005568646
005568648
005568649
005568650
005568651
005568652
005568653
005568654
005568655
005568656
005568657
005568659
005568660
005568661
005568662
005568663
005568664
005568665
005568666
005568668
005568669
005568670
005568671
005568672
005568673
005568674
005568676
005568677
005568678
005568680
005568681
005568682
005568684
005568685
005568687
005568691
005568692
005568693
005568694
005568695
005568696
005568697
005568698
005568699
005568700
005568701
005568702
005568704
005568705
005568706
005568707
005568708
005568709
005568710
005568711
005568712
005568713
005568714
005568715
005568716
005568717
005568718
005568719
005568720
005568721
005568722
005568723
005568724
005568725
005568726
005568727
005568728
005568729
005568730
005568731
005568732
005568733
005568734
005568736
005568737
005568738
005568739
005568740
005568741
005568742
005568743
005568744
005568746
005568747
005568748
005568749
005568750
005568751
005568753
005568754
005568755
005568756
005568757
005568759
005568760
005568761
005568762
005568763
005568764
005568765
005568766
005568768
005568769
005568770
005568773
005568774
005568775
005568776
005568777
005568778
005568779
005568780
005568781
005568782
005568783
005568785
005568786
005568787
005568789
005568790
005568791
005568792
005568793
005568794
005568795
005568796
005568797
005568798
005568799
005568800
005568801
005568803
005568804
005568805
005568806
005568807
005568808
005568809
005568810
005568812
005568813
005568814
005568815
005568816
005568817
005568818
005568819
005568820
005568821
005568822
005568824
005568825
005568826
005568827
005568828
005568829
005568830
005568831
005568832
005568833
005568834
005568835
005568836
005568838
005568839
005568840
005568842
005568843
005568844
005568845
005568846
005568847
005568848
005568849
005568850
005568851
005568852
005568853
005568855
005568856
005568857
005568858
005568859
005568860
005568861
005568862
005568863
005568864
005568865
005568867
005568868
005568869
005568870
005568871
005568872
005568873
005568874
005568876
005568877
005568878
005568879
005568880
005568881
005568884
005568885
005568886
005568887
005568888
005568889
005568890
005568892
005568893
005568894
005568895
005568896
005568897
005568898
005568899
005568900
005568901
005568902
005568904
005568905
005568906
005568907
005568908
005568909
005568910
005568911
005568912
005568913
005568914
005568915
005568916
005568917
005568918
005568919
005568920
005568921
005568922
005568923
005568924
005568925
005568926
005568927
005568928
005568930
005568931
005568932
005568933
005568934
005568935
005568936
005568937
005568938
005568939
005568940
005568941
005568943
005568945
005568946
005568947
005568948
005568949
005568950
005568951
005568952
005568953
005568954
005568955
005568956
005568957
005568958
005568959
005568961
005568962
005568963
005568964
005568965
005568966
005568967
005568969
005568970
005568972
005568973
005568974
005568976
005568978
005568979
005568980
005568981
005568982
005568984
005568985
005568986
005568987
005568988
005568989
005568990
005568991
005568992
005568993
005568994
005568995
005568996
005568997
005568998
005568999
005569000
005569001
005569002
005569003
005569004
005569005
005569006
005569007
005569008
005569009
005569010
005569011
005569012
005569013
005569014
005569015
005569016
005569017
005569019
005569020
005569021
005569022
005569023
005569024
005569026
005569027
005569028
005569029
005569030
005569031
005569032
005569033
005569034
005569035
005569036
005569037
005569038
005569039
005569040
005569041
005569042
005569043
005569044
005569045
005569046
005569047
005569048
005569049
005569050
005569053
005569054
005569055
005569056
005569057
005569058
005569060
005569063
005569064
005569065
005569066
005569067
005569068
005569069
005569070
005569071
005569073
005569075
005569076
005569077
005569078
005569079
005569080
005569081
005569082
005569083
005569084
005569085
005569086
005569087
005569088
005569089
005569090
005569092
005569093
005569095
005569096
005569097
005569098
005569099
005569100
005569102
005569103
005569104
005569105
005569106
005569107
005569108
005569109
005569110
005569111
005569112
005569113
005569114
005569115
005569116
005569117
005569118
005569119
005569120
005569121
005569122
005569123
005569124
005569125
005569126
005569128
005569129
005569130
005569131
005569132
005569133
005569134
005569135
005569136
005569137
005569138
005569139
005569140
005569141
005569143
005569144
005569145
005569146
005569147
005569148
005569149
005569150
005569151
005569152
005569153
005569154
005569155
005569156
005569157
005569159
005569161
005569162
005569163
005569164
005569166
005569167
005569168
005569169
005569170
005569171
005569172
005569173
005569174
005569175
005569176
005569177
005569178
005569179
005569180
005569181
005569182
005569183
005569184
005569185
005569186
005569187
005569188
005569189
005569190
005569191
005569192
005569193
005569194
005569195
005569196
005569197
005569199
005569200
005569201
005569202
005569203
005569204
005569205
005569206
005569207
005569208
005569209
005569210
005569211
005569212
005569213
005569214
005569215
005569216
005569217
005569218
005569219
005569220
005569221
005569222
005569223
005569224
005569225
005569226
005569227
005569228
005569229
005569230
005569231
005569232
005569233
005569234
005569235
005569236
005569237
005569238
005569239
005569240
005569241
005569242
005569244
005569245
005569246
005569247
005569248
005569249
005569250
005569251
005569252
005569254
005569256
005569257
005569258
005569259
005569260
005569261
005569262
005569263
005569264
005569265
005569266
005569267
005569268
005569269
005569270
005569271
005569272
005569273
005569274
005569275
005569276
005569277
005569278
005569279
005569280
005569282
005569283
005569284
005569285
005569286
005569287
005569288
005569290
005569291
005569292
005569294
005569295
005569296
005569297
005569298
005569300
005569302
005569303
005569305
005569306
005569307
005569308
005569309
005569310
005569311
005569312
005569313
005569314
005569315
005569316
005569317
005569318
005569319
005569320
005569321
005569322
005569323
005569324
005569325
005569326
005569328
005569329
005569330
005569331
005569332
005569333
005569334
005569335
005569336
005569337
005569339
005569340
005569342
005569343
005569344
005569345
005569346
005569347
005569348
005569350
005569351
005569352
005569353
005569354
005569355
005569356
005569357
005569358
005569360
005569362
005569363
005569364
005569365
005569366
005569367
005569368
005569369
005569370
005569372
005569373
005569374
005569375
005569376
005569377
005569379
005569380
005569381
005569382
005569383
005569384
005569385
005569386
005569388
005569389
005569390
005569391
005569392
005569393
005569394
005569395
005569396
005569397
005569398
005569399
005569400
005569401
005569402
005569403
005569404
005569405
005569406
005569407
005569408
005569409
005569410
005569411
005569412
005569413
005569414
005569415
005569416
005569417
005569418
005569419
005569420
005569421
005569422
005569423
005569424
005569425
005569427
005569428
005569429
005569431
005569432
005569433
005569434
005569435
005569436
005569437
005569439
005569440
005569442
005569443
005569445
005569446
005569448
005569449
005569450
005569452
005569453
005569454
005569455
005569456
005569457
005569458
005569459
005569460
005569461
005569462
005569463
005569464
005569465
005569466
005569467
005569468
005569469
005569470
005569471
005569473
005569474
005569475
005569476
005569477
005569478
005569479
005569480
005569481
005569482
005569483
005569485
005569486
005569487
005569488
005569489
005569490
005569491
005569492
005569493
005569494
005569495
005569496
005569497
005569498
005569499
005569501
005569502
005569503
005569504
005569506
005569507
005569508
005569509
005569510
005569511
005569513
005569514
005569515
005569516
005569517
005569518
005569519
005569520
005569521
005569522
005569523
005569525
005569526
005569527
005569528
005569529
005569530
005569531
005569532
005569533
005569534
005569535
005569537
005569538
005569539
005569540
005569541
005569542
005569543
005569544
005569545
005569546
005569547
005569548
005569549
005569550
005569551
005569552
005569553
005569554
005569555
005569556
005569558
005569559
005569560
005569561
005569562
005569563
005569564
005569565
005569567
005569568
005569569
005569570
005569571
005569572
005569573
005569574
005569575
005569576
005569577
005569578
005569579
005569580
005569581
005569582
005569583
005569584
005569585
005569586
005569587
005569588
005569589
005569590
005569591
005569592
005569593
005569594
005569595
005569596
005569597
005569598
005569599
005569600
005569601
005569602
005569603
005569604
005569605
005569606
005569607
005569608
005569609
005569610
005569611
005569612
005569613
005569614
005569615
005569616
005569617
005569618
005569619
005569620
005569621
005569622
005569623
005569624
005569625
005569626
005569627
005569628
005569630
005569631
005569632
005569633
005569634
005569635
005569636
005569637
005569638
005569639
005569641
005569642
005569643
005569644
005569645
005569646
005569647
005569648
005569650
005569651
005569654
005569655
005569656
005569657
005569658
005569659
005569660
005569661
005569662
005569663
005569664
005569665
005569667
005569668
005569669
005569670
005569671
005569672
005569673
005569674
005569675
005569677
005569680
005569681
005569682
005569683
005569684
005569686
005569687
005569688
005569689
005569690
005569692
005569693
005569694
005569695
005569696
005569697
005569698
005569699
005569700
005569701
005569702
005569704
005569705
005569706
005569707
005569708
005569709
005569710
005569711
005569712
005569713
005569715
005569716
005569717
005569719
005569720
005569721
005569722
005569723
005569724
005569725
005569726
005569727
005569728
005569729
005569730
005569731
005569732
005569733
005569735
005569736
005569737
005569738
005569739
005569740
005569741
005569742
005569743
005569744
005569745
005569746
005569747
005569748
005569749
005569750
005569751
005569752
005569753
005569754
005569755
005569756
005569757
005569758
005569759
005569760
005569761
005569762
005569763
005569764
005569765
005569766
005569767
005569768
005569770
005569771
005569772
005569773
005569774
005569775
005569776
005569777
005569778
005569779
005569780
005569782
005569783
005569784
005569785
005569786
005569787
005569788
005569789
005569790
005569791
005569792
005569793
005569794
005569795
005569796
005569802
005569804
005569805
005569806
005569807
005569808
005569809
005569810
005569812
005569814
005569815
005569816
005569817
005569818
005569819
005569820
005569821
005569822
005569823
005569824
005569825
005569826
005569827
005569828
005569829
005569830
005569831
005569832
005569833
005569834
005569835
005569836
005569837
005569838
005569839
005569840
005569841
005569842
005569843
005569844
005569845
005569846
005569847
005569848
005569849
005569850
005569851
005569852
005569853
005569854
005569855
005569856
005569857
005569858
005569859
005569861
005569862
005569863
005569864
005569865
005569866
005569867
005569868
005569869
005569870
005569871
005569872
005569873
005569874
005569875
005569876
005569877
005569878
005569879
005569880
005569881
005569882
005569883
005569884
005569885
005569889
005569890
005569891
005569892
005569893
005569894
005569895
005569896
005569897
005569898
005569899
005569900
005569901
005569902
005569903
005569904
005569905
005569906
005569907
005569908
005569910
005569912
005569913
005569914
005569915
005569916
005569917
005569918
005569919
005569920
005569921
005569923
005569924
005569925
005569926
005569927
005569928
005569929
005569930
005569931
005569932
005569934
005569935
005569936
005569937
005569938
005569939
005569940
005569941
005569942
005569944
005569945
005569946
005569947
005569948
005569950
005569951
005569953
005569954
005569955
005569956
005569957
005569958
005569960
005569961
005569962
005569963
005569965
005569966
005569967
005569968
005569969
005569970
005569971
005569972
005569973
005569974
005569975
005569976
005569977
005569978
005569979
005569980
005569981
005569983
005569984
005569985
005569986
005569987
005569988
005569990
005569991
005569992
005569993
005569994
005569995
005569996
005569997
005569998
005569999
005570001
005570002
005570003
005570004
005570005
005570006
005570008
005570009
005570011
005570012
005570013
005570015
005570016
005570017
005570018
005570019
005570020
005570021
005570022
005570024
005570025
005570026
005570027
005570028
005570030
005570031
005570032
005570033
005570034
005570036
005570037
005570038
005570039
005570040
005570041
005570042
005570043
005570044
005570045
005570046
005570047
005570049
005570050
005570051
005570052
005570054
005570055
005570056
005570057
005570058
005570059
005570060
005570061
005570062
005570063
005570064
005570065
005570066
005570067
005570068
005570069
005570070
005570071
005570072
005570073
005570074
005570076
005570077
005570078
005570080
005570082
005570083
005570084
005570085
005570086
005570087
005570089
005570090
005570091
005570092
005570094
005570095
005570096
005570097
005570098
005570100
005570101
005570102
005570103
005570104
005570105
005570106
005570107
005570108
005570109
005570110
005570111
005570112
005570113
005570114
005570115
005570116
005570117
005570118
005570119
005570120
005570121
005570122
005570123
005570124
005570125
005570126
005570127
005570128
005570129
005570130
005570131
005570132
005570133
005570134
005570135
005570136
005570137
005570138
005570139
005570140
005570141
005570142
005570143
005570145
005570146
005570147
005570148
005570149
005570150
005570151
005570152
005570153
005570154
005570155
005570156
005570157
005570158
005570159
005570160
005570161
005570162
005570163
005570164
005570165
005570166
005570167
005570168
005570169
005570170
005570171
005570173
005570174
005570175
005570176
005570177
005570178
005570179
005570180
005570181
005570182
005570183
005570184
005570185
005570186
005570187
005570188
005570189
005570190
005570191
005570192
005570193
005570194
005570195
005570197
005570198
005570199
005570200
005570201
005570202
005570203
005570204
005570205
005570206
005570207
005570208
005570209
005570210
005570211
005570212
005570213
005570216
005570217
005570218
005570221
005570222
005570223
005570224
005570225
005570226
005570227
005570228
005570229
005570230
005570231
005570232
005570233
005570235
005570236
005570237
005570238
005570239
005570240
005570241
005570242
005570243
005570244
005570246
005570247
005570248
005570249
005570250
005570251
005570252
005570253
005570254
005570256
005570258
005570259
005570260
005570261
005570262
005570263
005570264
005570267
005570268
005570269
005570270
005570271
005570272
005570273
005570274
005570275
005570276
005570277
005570279
005570280
005570281
005570282
005570283
005570284
005570285
005570286
005570287
005570288
005570289
005570290
005570291
005570293
005570294
005570295
005570296
005570297
005570299
005570300
005570301
005570302
005570303
005570305
005570306
005570307
005570308
005570309
005570310
005570311
005570312
005570313
005570314
005570315
005570316
005570317
005570318
005570319
005570320
005570321
005570322
005570323
005570324
005570325
005570326
005570327
005570328
005570329
005570330
005570331
005570332
005570334
005570335
005570336
005570337
005570338
005570339
005570340
005570341
005570342
005570343
005570344
005570345
005570347
005570348
005570349
005570350
005570351
005570352
005570353
005570354
005570355
005570357
005570358
005570359
005570360
005570361
005570362
005570363
005570364
005570365
005570366
005570368
005570370
005570371
005570372
005570373
005570375
005570376
005570377
005570378
005570379
005570380
005570381
005570382
005570383
005570384
005570385
005570386
005570387
005570388
005570389
005570390
005570391
005570393
005570394
005570396
005570397
005570398
005570399
005570400
005570401
005570403
005570404
005570405
005570406
005570407
005570408
005570409
005570410
005570411
005570413
005570414
005570415
005570416
005570417
005570418
005570419
005570420
005570422
005570423
005570425
005570426
005570427
005570428
005570429
005570430
005570431
005570432
005570433
005570434
005570435
005570436
005570437
005570438
005570439
005570440
005570441
005570442
005570445
005570446
005570447
005570448
005570449
005570450
005570451
005570452
005570453
005570456
005570458
005570459
005570460
005570463
005570464
005570465
005570466
005570467
005570468
005570469
005570470
005570471
005570472
005570474
005570475
005570476
005570477
005570478
005570479
005570480
005570481
005570482
005570483
005570484
005570485
005570487
005570488
005570489
005570490
005570491
005570492
005570494
005570495
005570496
005570497
005570498
005570499
005570500
005570501
005570502
005570503
005570504
005570505
005570506
005570507
005570508
005570509
005570510
005570511
005570512
005570513
005570514
005570516
005570517
005570518
005570519
005570520
005570523
005570524
005570525
005570526
005570527
005570528
005570529
005570530
005570531
005570532
005570533
005570534
005570535
005570536
005570537
005570538
005570539
005570540
005570541
005570542
005570543
005570544
005570546
005570547
005570548
005570549
005570550
005570551
005570553
005570554
005570555
005570556
005570558
005570559
005570560
005570561
005570562
005570563
005570564
005570565
005570566
005570567
005570568
005570569
005570570
005570572
005570573
005570574
005570576
005570577
005570578
005570579
005570581
005570583
005570584
005570585
005570586
005570587
005570588
005570590
005570591
005570592
005570593
005570594
005570595
005570596
005570597
005570598
005570599
005570600
005570601
005570602
005570603
005570604
005570605
005570606
005570607
005570609
005570610
005570611
005570612
005570613
005570614
005570615
005570616
005570617
005570618
005570619
005570620
005570622
005570623
005570624
005570626
005570627
005570628
005570630
005570631
005570632
005570633
005570634
005570635
005570636
005570637
005570638
005570639
005570640
005570641
005570642
005570643
005570644
005570645
005570646
005570647
005570648
005570649
005570650
005570652
005570653
005570654
005570655
005570656
005570658
005570659
005570660
005570661
005570662
005570663
005570664
005570665
005570666
005570667
005570669
005570670
005570672
005570673
005570674
005570675
005570676
005570677
005570678
005570679
005570680
005570681
005570682
005570683
005570684
005570685
005570686
005570687
005570689
005570690
005570691
005570692
005570693
005570694
005570695
005570698
005570699
005570700
005570701
005570702
005570703
005570704
005570706
005570708
005570709
005570710
005570711
005570713
005570714
005570715
005570717
005570718
005570719
005570720
005570721
005570722
005570724
005570726
005570728
005570729
005570730
005570731
005570732
005570733
005570735
005570736
005570737
005570738
005570739
005570740
005570741
005570742
005570743
005570744
005570745
005570746
005570747
005570748
005570749
005570750
005570751
005570752
005570753
005570754
005570756
005570757
005570758
005570759
005570760
005570761
005570762
005570764
005570765
005570766
005570767
005570768
005570769
005570770
005570771
005570772
005570773
005570774
005570775
005570776
005570777
005570778
005570779
005570780
005570781
005570782
005570783
005570784
005570785
005570786
005570787
005570788
005570790
005570792
005570793
005570794
005570795
005570796
005570797
005570799
005570801
005570802
005570803
005570804
005570806
005570807
005570808
005570809
005570810
005570811
005570812
005570813
005570814
005570815
005570816
005570817
005570818
005570819
005570820
005570821
005570822
005570823
005570824
005570825
005570827
005570828
005570830
005570831
005570832
005570835
005570837
005570838
005570839
005570840
005570841
005570842
005570843
005570845
005570846
005570847
005570848
005570849
005570850
005570851
005570852
005570853
005570854
005570855
005570856
005570857
005570858
005570859
005570860
005570861
005570862
005570863
005570865
005570866
005570867
005570868
005570869
005570870
005570871
005570872
005570873
005570874
005570875
005570876
005570877
005570878
005570879
005570880
005570881
005570882
005570883
005570884
005570885
005570886
005570887
005570888
005570890
005570891
005570892
005570893
005570894
005570895
005570896
005570897
005570898
005570899
005570901
005570903
005570904
005570905
005570907
005570908
005570909
005570910
005570912
005570913
005570914
005570915
005570916
005570917
005570919
005570920
005570921
005570922
005570923
005570924
005570925
005570927
005570928
005570930
005570931
005570932
005570933
005570935
005570936
005570937
005570938
005570939
005570940
005570941
005570942
005570943
005570944
005570946
005570947
005570948
005570949
005570951
005570952
005570954
005570955
005570956
005570958
005570959
005570960
005570961
005570963
005570964
005570965
005570966
005570967
005570968
005570969
005570970
005570971
005570972
005570973
005570974
005570975
005570976
005570977
005570979
005570980
005570981
005570982
005570983
005570984
005570985
005570987
005570988
005570989
005570990
005570991
005570992
005570993
005570994
005570995
005570996
005570997
005570998
005570999
005571000
005571001
005571002
005571003
005571004
005571006
005571007
005571010
005571011
005571012
005571013
005571014
005571016
005571017
005571018
005571019
005571020
005571021
005571022
005571023
005571024
005571025
005571027
005571028
005571029
005571030
005571031
005571032
005571033
005571035
005571036
005571037
005571038
005571040
005571041
005571042
005571043
005571044
005571045
005571046
005571047
005571048
005571049
005571050
005571051
005571052
005571053
005571055
005571056
005571057
005571058
005571059
005571060
005571061
005571062
005571063
005571064
005571065
005571066
005571067
005571068
005571069
005571070
005571071
005571072
005571073
005571075
005571076
005571077
005571078
005571079
005571080
005571082
005571084
005571085
005571086
005571087
005571088
005571089
005571090
005571091
005571092
005571093
005571094
005571096
005571097
005571098
005571099
005571100
005571101
005571102
005571103
005571104
005571105
005571107
005571108
005571109
005571110
005571111
005571112
005571113
005571114
005571115
005571116
005571117
005571119
005571120
005571121
005571122
005571123
005571125
005571126
005571127
005571128
005571129
005571130
005571131
005571132
005571133
005571134
005571135
005571136
005571137
005571138
005571139
005571140
005571141
005571142
005571143
005571144
005571145
005571146
005571148
005571149
005571150
005571151
005571152
005571153
005571154
005571155
005571156
005571158
005571159
005571160
005571161
005571162
005571163
005571164
005571165
005571166
005571168
005571170
005571172
005571173
005571174
005571176
005571177
005571178
005571179
005571180
005571181
005571182
005571183
005571184
005571185
005571188
005571189
005571190
005571191
005571192
005571193
005571196
005571197
005571198
005571200
005571201
005571202
005571203
005571204
005571205
005571206
005571207
005571208
005571210
005571211
005571212
005571213
005571214
005571215
005571216
005571217
005571218
005571219
005571220
005571221
005571222
005571224
005571225
005571226
005571228
005571229
005571230
005571231
005571232
005571233
005571234
005571235
005571236
005571237
005571238
005571239
005571240
005571241
005571242
005571243
005571244
005571245
005571246
005571247
005571248
005571249
005571250
005571251
005571252
005571253
005571254
005571255
005571256
005571257
005571258
005571259
005571260
005571261
005571262
005571263
005571264
005571265
005571266
005571267
005571268
005571270
005571271
005571272
005571273
005571274
005571275
005571276
005571277
005571279
005571280
005571281
005571282
005571283
005571284
005571285
005571286
005571287
005571288
005571289
005571290
005571291
005571292
005571295
005571296
005571297
005571298
005571299
005571300
005571301
005571302
005571303
005571304
005571305
005571306
005571307
005571308
005571309
005571310
005571311
005571312
005571313
005571314
005571315
005571317
005571318
005571319
005571320
005571321
005571322
005571323
005571324
005571326
005571327
005571328
005571329
005571330
005571331
005571332
005571333
005571335
005571336
005571337
005571338
005571339
005571340
005571341
005571342
005571343
005571344
005571345
005571346
005571347
005571348
005571349
005571350
005571351
005571352
005571353
005571354
005571355
005571356
005571357
005571359
005571361
007157837
020100016
020100020
020100028
020400019
018871526
019355252
019554980
017792873
017886001
017886029
018119683
018269631
015105454
015269378
016602811
016710084
017159437
013616828
013633036
013633388
013633395
013636248
013661776
013685844
013716722
013718853
013729317
013731445
013731941
013744952
013750271
013750381
013752840
013764825
013778120
015338450
015339457
015373675
015377318
015393162
015393722
015506890
015526256
015574552
015592994
015626237
015628543
015628619
015628690
015628702
015628711
015628742
015628778
015628804
015628856
015628881
015631106
015631114
015631121
015631153
015717751
015725407
015733418
015761562
015764383
015778355
015779323
015779637
015779655
015779668
015780146
015780180
015780200
015780239
015780277
015780290
015783451
015834965
015973124
016146740
016208259
016470982
016648748
016648750
016648755
016648757
016648760
016648761
016648764
013825196
013827534
013828333
013830210
014049461
014456861
014457510
014462355
014462396
014463203
014463262
014466594
014466597
014466602
014466607
014466612
014466624
014466633
014466635
014466637
014466639
014472132
014473862
014473891
014480379
014503881
014571480
014638930
014639050
014671198
014671380
014671925
014705869
014705960
014706004
014706043
014709537
014709546
014709568
014756908
014759345
014759519
014761919
014762075
014768409
014768426
014773792
014781594
014832979
014833628
014835668
014835671
014876608
014914142
014924473
014924487
013186612
006890684
006890694
006890696
006890708
006890714
006890751
006890754
006890755
006890756
006890774
006890840
006890860
006890898
006890905
006891007
006891017
006891070
006891107
006891108
006902990
006902998
006904131
006905094
006910175
006914739
006915527
006915680
006915939
006916018
006916411
006919123
006928960
006928961
006928968
006928971
006928990
006931533
006931548
006934849
006937459
006941871
006943786
006943788
006948373
006949686
006954731
006954732
006954734
006954735
006954736
006954737
006954738
006954739
006954740
006954783
006954921
006954973
006955735
006955737
013031513
013398088
004826562
004911255
004921775
004973479
004990775
019121508
014758992
015665893
013353371
006949192
013042516
013103272
013201572
013405637
013405755
013519458
013549001
017007217
017007219
017007251
013622407
013622642
013757825
015897795
015897817
013812926
013820574
014586924
014703932
014703966
014857316
013479778
020554161
020560671
019296031
015401927
015401980
015401988
015417117
015417124
015417184
015417187
015426258
015426263
014895287
006861533
006879333
012955895
006846726
015775308
014893974
013514985
013556157
006879152
016680166
016681536
017106324
017374407
015308884
012846407
012846408
012848844
012851276
012951769
012951986
012952002
012952037
012952061
012952065
012952243
012952272
012952284
012952306
012952520
012952526
012952536
012952557
012952794
012952802
012953328
012953335
012953593
012953605
012953618
012955890
012955902
012956442
012956481
012964425
012964433
012964442
012964458
012964471
012964980
012964986
012964999
012965299
012965327
012965353
012965361
012965646
012965651
012965687
012965697
012965713
012969897
012972973
012972983
012972990
012973154
012973167
012973181
012973539
012973543
012974613
012974668
012974969
012974976
012974980
012974982
012975206
012975215
012983527
012996154
012996159
012996166
012998720
012998747
012998757
012998784
013000604
013000632
013001262
013001271
013001282
013001288
013006433
013006505
013010436
013010453
013010461
013011291
013011349
013011702
013013642
013014012
013014017
013014024
013014359
013014878
013034197
013034225
013034230
013034613
013034622
013034640
013034992
013035026
013035184
013035205
013035431
013041787
013056743
013057168
013063235
013084328
013087113
013087134
013087530
013087578
013087918
013088208
013088210
013088225
013088285
013088293
013088628
013088692
013088757
013089144
013089155
013089166
013090498
013090527
013090716
013090729
013091091
013091716
013091728
013164330
013167694
013190954
013211966
013214048
013214072
013214080
013214118
013214119
013216450
013216467
013216527
013216533
013216558
013219293
013219583
013223418
013223952
013225268
013225944
013243812
013243865
013243876
013243885
013244446
013244462
013244468
013244471
013244473
013247159
013247202
013247223
013257284
013257318
013257607
013257712
013257863
013258183
013258569
013259047
013259513
013259915
013260364
013260550
013264401
013266435
013268287
013310068
013376078
013422307
013462084
013466447
013466660
013466799
013481176
013481183
013481212
013481217
013481221
013481225
013481271
013481274
013481285
013481288
013481801
013481812
013481815
013481823
013481852
013482152
013482169
013482186
013482189
013482813
013482815
013482818
013482819
013482829
013482833
013483381
013483382
013483383
013483384
013483386
013483387
013483389
013483390
013483877
013483892
013483894
013483905
013483908
013485372
013486771
013487097
013487120
013487135
013487283
013488335
013489140
013489145
013489150
013489498
013489796
013491174
013492385
013492431
013492450
013498335
013513520
013513525
013513680
013515657
013515678
013515782
013515826
013516553
013518398
013519914
013520241
013520715
013520753
013534909
013534920
013535590
013535596
013536401
013538377
013538461
013539415
013539419
013539427
013540860
013540869
013540926
013540958
013542771
013543082
013543150
013560925
013561055
013561452
013564255
013564265
013591203
013591229
013599215
013599250
013599329
011541961
009623219
008510643
008510644
008514069
008514070
008514071
008514072
008514080
007602778
007603028
007603062
007604286
007604685
007605317
007605998
007606150
007612890
008278618
006671831
006671836
006671852
006671856
006671862
006671863
006671867
006671871
006671874
006671877
006671881
006671883
006671885
006671886
006671887
006671905
006671917
006671965
006827362
006827367
006827371
006827382
006827386
006827391
006827454
006827901
006828245
006828712
006829740
006829961
006830325
006830370
006831165
006831361
006831997
006833028
006833156
006833234
006833546
006833828
006834260
006835192
006835222
006837375
006837376
006837377
006837378
006837379
006837690
006838328
006838330
006838331
006838333
006838595
006838657
006839824
006840130
006841751
006842887
006843074
006843160
006843172
006845839
006845840
006845841
006845842
006845843
006845844
006845846
006845847
006845848
006845849
006845856
006845857
006845858
006845859
006849571
006849769
006850408
006851444
006851448
006851722
006851737
006852060
006852299
006852822
006852859
006852994
006853077
006853151
006853453
006853609
006854289
006854290
006854291
006854292
006854354
006854355
006854356
006854392
006854819
006854835
006854879
006854899
006855127
006855171
006855172
006855337
006855702
006855935
006856001
006856191
006857171
006857622
006857798
006858479
006858481
006859761
006859892
006860084
006860349
006860351
006860352
006860355
006860701
006861056
006861395
006861860
006861998
006862068
006863094
006863362
006863363
006863364
006863365
006863366
006863454
006863571
006863572
006863574
006863575
006863576
006863609
006864901
006865102
006865136
006865254
006865301
006865318
006865319
006865422
006865436
006865720
006865730
006867000
006867137
006867607
006868381
006868571
006868684
006868791
006868853
006868911
006869075
006869381
006869497
006871914
006872470
006872471
006872472
006872473
006872474
006873177
006873178
006873179
006873752
006873781
006875822
006878131
006878431
006878667
006879674
006880034
006880038
006880939
006881920
006883443
006883514
006883516
006883541
006883658
006883898
006884784
006884897
006884902
006885737
006885739
006885741
006887537
006887672
006888479
006888558
016415364
017630780
015121368
016725195
017021783
017106305
017106615
017106623
013600086
013600095
013601255
013601287
013601313
013602989
013603021
013603051
013603369
013603378
013603396
013603412
013603415
013603446
013604374
013604416
013604420
013606104
013606305
013606582
013606692
013607073
013607223
013607243
013608882
013608955
013615357
013615607
013615662
013615667
013615676
013615689
013619564
013619582
013623697
013623702
013625748
013625779
013658356
013701852
013703946
013711403
013712014
013712934
013713273
013713282
013718915
013729931
013734010
013734019
013734022
013734023
013734036
013734040
013734044
013734047
013734053
013734057
013734062
013734066
013734069
013735368
013735373
013735386
013735392
013735476
013735483
013735485
013743017
013749794
013750098
013750109
013750128
013750136
013753388
013753907
013805037
013805089
013805092
013805106
013805108
013807309
013807357
013807359
013807360
013807364
013807368
013807375
015301524
015301538
015301544
015301552
015301564
015301578
015303986
015308800
015330923
015330928
015330946
015330952
015330987
015334762
015334924
015336274
015336302
015336306
015384881
015387428
015393017
015393022
015393026
015393029
015393031
015393032
015393036
015393040
015393049
015393050
015393184
015393673
015393684
015393686
015393692
015393693
015393694
015393696
015393699
015393923
015393926
015393928
015393932
015393934
015393940
015393959
015399126
015399354
015428145
015446351
015513662
015661326
015667315
015671183
015793151
015805751
015822780
015967128
016010827
016010834
016010853
016028150
016092142
016600130
016653845
013810395
013810433
013810438
013817110
013817116
013817120
013819254
013819303
013819320
013819677
013819690
013819707
013819936
013822001
013822020
013822098
013822103
013822611
013822632
013822648
013822693
013822727
013822831
013822843
013822857
013823092
013823111
013823220
013823231
013825119
013825629
013825631
013825637
013825713
013825900
013825906
013825911
013825915
013825927
013825942
013825946
013825950
013826405
013826411
013826422
013826426
013826432
013826436
013826441
013826445
013826675
013826677
013826701
013826800
013827752
013827760
013827764
013827770
013827772
013828309
013830002
013830031
013830072
013830345
013830437
013830450
013836119
013836126
013886845
013886901
013887806
013945379
013945518
013948726
013948816
013952663
013952667
013952718
014014501
014047771
014047784
014048039
014048042
014048054
014048068
014049532
014050670
014051152
014051161
014052796
014053173
014053342
014053373
014053393
014053856
014053872
014053881
014053958
014054989
014054998
014055006
014055027
014055056
014056182
014056215
014056230
014056239
014056251
014058222
014083631
014085016
014098637
014098714
014098722
014098742
014099162
014099605
014099989
014099997
014201426
014201691
014232941
014237834
014237858
014274328
014275621
014308058
014308109
014308342
014308347
014308349
014308352
014308360
014308365
014313381
014316933
014320241
014322886
014325550
014327763
014329943
014338446
014338666
014338674
014338683
014338692
014339332
014339347
014339377
014339806
014340992
014340997
014341007
014341014
014341019
014341029
014341033
014341075
014341104
014343381
014344091
014344167
014344174
014405504
014405549
014406632
014406658
014406662
014406697
014406718
014406722
014406962
014406970
014406976
014407088
014408589
014408591
014408613
014409745
014409748
014409813
014425641
014425643
014425646
014425891
014425893
014425900
014425901
014425902
014426212
014426217
014456724
014456738
014456744
014456984
014456987
014457064
014457523
014459624
014459634
014459649
014459651
014459816
014459829
014459832
014459858
014459861
014459864
014459867
014460251
014460261
014465354
014466517
014466522
014466549
014467188
014467237
014471571
014471574
014473458
014473466
014473472
014473488
014473489
014473947
014473977
014474033
014474054
014474059
014474504
014474510
014477175
014477182
014477212
014477246
014477248
014479075
014479091
014479101
014480714
014480717
014480722
014480728
014480743
014480747
014480760
014480772
014480865
014480876
014480881
014481085
014481106
014481110
014481112
014482873
014483153
014483168
014483170
014483175
014483231
014483260
014483282
014483508
014483516
014483519
014483539
014487085
014487126
014488448
014489171
014489182
014489187
014491423
014491872
014649351
014649369
014649373
014649971
014684318
014769464
014782328
014925445
014925453
014925736
014925748
014931391
014934534
021196889
008633817
005556230
005556256
005557721
017458590
018840182
018871983
019545159
016282002
016293823
016833920
016945357
015486153
015559744
016471637
016471742
021049545
013945950
013945992
013946253
013946281
013946282
013946295
013946311
013946320
013946336
013946348
013946356
013946366
013946377
013946380
013946396
013946401
013946405
013946414
013946425
013946440
013946442
013946443
013946445
013946446
013946452
013946471
013946481
013946488
013946493
013946496
013946514
013946578
013946778
013946858
013946883
013946888
013946897
013946922
013946938
013946940
013946941
013946958
013947081
013947140
013947167
013947178
013947185
013947204
013947977
005566314
008296288
015300209
014798860
014053474
005398726
012949831
013116845
007626239
007691960
007692404
007692409
007692433
007692556
007692662
007692692
007692832
007692987
007693146
007693292
007028987
007029106
007029108
007029557
007029558
007029974
007029975
007029976
007029977
007029993
007030518
007030522
007030618
007030619
007031010
007031012
007031013
007032040
007055004
005398451
005398477
005398484
005398497
005398511
005398518
005398527
005398531
005398549
005398553
005398561
005398568
005398574
005398580
005398581
005398584
005398589
005398590
005398595
005398598
005398600
005398603
005398607
005398608
005398613
005398614
005398618
005398621
005398622
005398631
005398632
005398634
005398640
005398641
005398644
005398645
005398671
005398676
005398698
005398699
005398701
005398703
005398719
005398722
005398728
005398733
005398745
005398746
005398747
005398758
005398759
005398763
005398764
005398767
005398768
005398774
005398775
005398785
005398791
005398804
005398805
005398809
005398827
005398829
005398831
005398847
005398875
005398876
005398880
005398898
005398924
005398929
005398941
005398949
005398952
005398962
005398976
005399018
005399061
005399062
005399067
005398669
005398702
005398734
013427267
008896089
007692439
007692663
007692991
007749117
006347842
006893995
006894212
006916390
006921858
006934617
006935319
006940014
006940034
006940035
006940058
006940076
006940094
006947736
007029985
005398489
005398509
005398535
005398552
005398596
005398717
005398911
005398981
005399008
012912114
013313551
013365076
013491364
013539314
012445575
012447677
009840748
007194955
007196344
007199221
007200281
007200644
007200681
005405053
005413653
005417475
005419065
005434420
005454391
005458153
005462000
005478284
005479556
005499475
005499977
005517840
005566121
005566127
005566132
005566135
005566141
005566142
005566155
005566162
005566165
005566176
005566177
005566186
005566187
005566189
005566190
005566194
005566201
005566211
005566216
005566217
005566218
005566219
005566220
005566227
005566229
005566233
005566235
005566239
005566241
005566244
005566247
005566252
005566253
005566254
005566263
005566264
005566266
005566268
005566272
005566277
005566282
005566285
005566289
005566291
005566292
005566298
005566300
005566301
005566304
005566305
005566307
005566318
005566322
005566323
005566324
005566326
005566331
005566333
005566339
005566352
005566355
005566359
005566364
005566366
005566372
005566375
005566378
005566384
005566388
005566390
005566391
005566393
005566397
005566400
005566404
005566407
005566413
005566417
005566419
005566421
005566425
005566430
005566431
005566432
005566435
005566436
005566437
005566443
005566457
005566467
005566472
005566474
005566480
005566496
005566497
005566498
005566500
005566505
005566510
005566517
005566522
005566523
005566524
005566528
005566532
005566533
005566535
005566536
005566538
005566539
005566540
005566541
005566547
005566551
005566553
005566554
005566555
005566563
005566564
005566566
005566573
005566574
005566578
005566593
005566601
005566602
005566604
005566605
005566615
005566619
005566620
005566621
005566622
005566629
005566630
005566634
005566637
005566639
005566642
005566646
005566653
005566677
005566678
005566679
005566687
005566689
005566705
005566708
005566714
005566715
005566716
005566717
005566721
005566722
005566724
005566726
005566731
005566740
005566742
005566743
005566744
005566750
005566751
005566755
005566759
005566767
005566771
005566773
005566779
005566781
005566787
005566793
005566802
005566807
005566811
005566816
005566825
005566831
005566832
005566834
005566843
005566844
005566845
005566846
005566847
005566854
005566856
005566860
005566861
005566863
005566869
005566879
005566883
005566885
005566886
005566896
005566897
005566900
005566902
005566905
005566910
005566911
005566912
005566916
005566920
005566924
005566925
005566928
005566930
005566931
005566938
005566944
005566945
005566948
005566955
005566956
005566966
005566967
005566969
005566971
005566976
005566980
005566985
005566989
005566991
005566994
005567014
005567015
005567023
005567027
005567030
005567036
005567037
005567038
005567042
005567048
005567050
005567052
005567056
005567060
005567066
005567067
005567069
005567075
005567082
005567084
005567087
005567107
005567113
005567114
005567122
005567124
005567129
005567134
005567140
005567144
005567147
005567151
005567159
005567161
005567166
005567174
005567175
005567182
005567187
005567189
005567197
005567204
005567214
005567219
005567223
005567224
005567226
005567235
005567239
005567241
005567243
005567244
005567245
005567247
005567258
005567267
005567270
005567272
005567274
005567278
005567282
005567288
005567291
005567293
005567294
005567297
005567301
005567305
005567308
005567312
005567313
005567322
005567324
005567327
005567331
005567334
005567335
005567338
005567339
005567344
005567346
005567350
005567352
005567358
005567367
005567371
005567376
005567383
005567386
005567387
005567398
005567402
005567405
005567412
005567416
005567422
005567426
005567431
005567434
005567439
005567445
005567450
005567454
005567459
005567465
005567470
005567471
005567474
005567479
005567480
005567483
005567485
005567489
005567490
005567494
005567501
005567505
005567506
005567508
005567515
005567521
005567526
005567529
005567533
005567536
005567537
005567541
005567544
005567547
005567550
005567554
005567556
005567559
005567563
005567565
005567567
005567570
005567573
005567577
005567592
005567593
005567594
005567595
005567596
005567599
005567600
005567604
005567605
005567626
005567628
005567629
005567632
005567636
005567645
005567647
005567648
005567649
005567655
005567658
005567660
005567664
005567665
005567667
005567669
005567675
005567678
005567687
005567689
005567709
005567712
005567717
005567718
005567724
005567726
005567728
005567733
005567735
005567738
005567741
005567742
005567743
005567744
005567745
005567746
005567759
005567760
005567763
005567766
005567774
005567777
005567781
005567782
005567784
005567785
005567787
005567788
005567806
005567807
005567811
005567813
005567815
005567821
005567840
005567841
005567850
005567857
005567859
005567864
005567865
005567867
005567868
005567871
005567875
005567879
005567880
005567882
005567883
005567885
005567889
005567891
005567895
005567896
005567899
005567901
005567902
005567906
005567908
005567914
005567916
005567919
005567921
005567923
005567926
005567931
005567937
005567940
005567942
005567945
005567947
005567950
005567957
005567958
005567959
005567961
005567962
005567965
005567966
005567968
005567972
005567978
005567988
005567991
005567992
005567993
005567997
005568001
005568006
005568009
005568019
005568033
005568035
005568036
005568042
005568043
005568044
005568047
005568052
005568058
005568064
005568066
005568069
005568071
005568073
005568082
005568087
005568088
005568089
005568091
005568094
005568096
005568099
005568109
005568110
005568120
005568121
005568122
005568125
005568126
005568127
005568129
005568132
005568134
005568137
005568138
005568140
005568141
005568143
005568144
005568145
005568148
005568150
005568155
005568157
005568161
005568165
005568166
005568174
005568180
005568184
005568186
005568205
005568206
005568207
007194617
007196150
007197806
007199494
019749879
019197436
019457212
016313155
015179485
013692422
013701382
015750096
