011775548
013054990
009048384
006932480
012996134
013538947
021236949
006889316
013055228
007196548
007195395
012447664
012440656
015727093
015718195
021236879
012457387
009918140
007032279
016041191
014052965
014477251
014482913
014508891
014854609
020835279
020846255
021237799
013107513
013108344
013116716
013125788
013172855
013172859
013284142
012435439
009918033
009918154
015305087
016590931
014526534
020842482
020845068
020846188
020846193
020846276
021000410
021014095
021235704
021237854
013526431
013703342
021021750
013698635
015876056
020846328
021236921
021236938
014917120
012994131
013476990
013515433
007033704
007033793
019310552
015102556
015107491
015267429
015288360
013710054
015338274
015484999
015853625
015854531
015858919
016073649
016073651
016073658
016659746
014802308
014863865
014883090
009918089
012437101
012439031
012440117
012443669
012444699
012454107
012454123
012454365
012457348
012965356
012965376
012965390
012984288
013111002
013127651
013133631
013174103
013176872
013193805
013209121
013226339
013273655
013285129
013336195
013411876
013544707
013556051
013597306
013688056
013701465
011459109
012436113
012436805
012437203
012437262
012438095
012438438
012440745
012440750
012442078
012443156
012444975
012448133
012453606
012453614
012453830
012454653
012455218
012455281
012456886
012456990
012457030
012457049
012457524
009917862
009917871
009917886
009917905
009917913
009917922
009917967
009917973
009917999
009918013
009918018
009918022
009918036
009918076
009918129
009918137
009918145
009918163
009918552
009918568
009918572
009918594
009918618
009918621
009918649
009918679
009920105
007198803
007691582
007691613
007691624
006681110
006681127
007031618
007031862
007031876
007032031
007032281
007032931
007032950
007033055
007033056
007034558
005599148
007199146
020040408
019753183
019804755
019804760
019860310
019860312
019860313
020391448
020391551
020516913
020516941
020516966
019130627
016293935
016301081
017759683
017780824
017849601
018072290
015288845
017103980
013617092
013668505
013676809
013678995
013679099
015330388
015370690
015378296
015389654
015429252
015444363
015485723
015534567
015673453
015680515
015751851
015792172
016050942
016061350
016232301
016232346
016240667
016300766
016590936
014056159
014473658
014482911
014514732
014522888
014530181
014571620
014650072
014650320
014654959
014848743
014856587
014910272
014935929
020790504
020797383
020816146
020816149
020819616
020819701
020842472
020842473
020842475
020842477
020842478
020846361
020851001
021236864
021236931
021237887
015330401
012444467
006902255
006904959
006909651
006929676
006954701
006911800
006929614
016983554
016124292
016170756
012441882
004947751
004982438
004984493
017853220
019486013
012978248
017484306
015613785
015613797
016194102
016285501
017708164
017708167
017708175
015112445
015260543
015260553
015269177
015285529
017373794
017373797
017373799
015306000
015308790
015343140
015350491
015367495
015416970
015458245
015458254
015458686
015459709
015461335
015493603
015493609
015502293
015515035
015517991
015520260
015525921
015525962
015527093
015528348
015531634
015549440
015549887
015556153
015558981
015559396
015559756
015561297
015588430
015588449
015598122
015605027
015605252
015605256
015607985
015608016
015608063
015608073
015608085
015608086
015608089
015608090
015608092
015608094
015608097
015609688
015609691
015609693
015609695
015609697
015609698
015609702
015609704
015609707
015609708
015609710
015609711
015609717
015609721
015609722
015609726
015609728
015609731
015613721
015613725
015613727
015613730
015613735
015613737
015613767
015613789
015613802
015613808
015637091
015638068
015638070
015638075
015638078
015638079
015638083
015638084
015638087
015638092
015638101
015638103
015638105
015638155
015638157
015638161
015638164
015638166
015638169
015638176
015638177
015638188
015638190
015638193
015638195
015638200
015638203
015638209
015638210
015638212
015638215
015668167
015670039
015671781
015671793
015693570
015693576
015697595
015697618
015697626
015725235
015725312
015726264
015755859
015759930
015760058
015765468
015783550
015798384
015808107
015839301
015853679
015859373
015902737
015953161
015992865
016017646
016028147
016042218
016047717
016119237
016120251
016120252
016120292
016123396
016123613
016123659
016193779
016193830
016193842
016193869
016194144
016217764
016228209
016247226
016278651
016278667
016278766
016285506
016285512
016285704
016290181
016326017
016425569
016425638
016456621
016469631
016470162
016470964
016471015
016471036
016471455
016471459
016484013
016629813
016629993
014457753
014660336
014660359
014660366
014660378
014667121
014768804
014770295
014865349
014869654
014876178
014879281
014928552
016228212
016498573
013536039
015459710
015591015
015638160
015724899
015112453
013110869
005599194
007195247
011739170
007198354
007032691
012448631
013399566
013508468
013544557
013544719
013548670
013548785
013677044
011483033
012445820
012446195
013770225
007196445
007693520
007032715
007032796
007032799
007032814
007032819
007032929
007032936
005481150
005599205
007195106
007195259
020487292
013677506
015461536
015719491
016716638
014495616
013580111
