018500361
018907943
019287222
017680869
018301865
019936229
019936230
019936231
019936232
019936233
019936234
019936235
019936236
019936237
019936238
019936239
019936240
019936241
019936242
019936243
019936244
019936245
019936246
019936247
019936248
019936249
019936250
019936251
019936252
019936253
019936254
019936255
019936256
019936257
019936258
019936259
019936260
019936261
019936262
019936263
019936264
019936265
019936266
019936267
019936268
019936269
019936270
019936271
019936272
019936273
019936274
019936275
019936276
019936277
019936278
019936279
019936280
019936281
019936282
019936283
019936284
019936285
019936286
019936287
019936288
019936289
019936290
019936291
019936292
019936293
019936294
019936295
019936296
019936297
019936298
019936299
019936300
019936301
019936302
019936303
019936304
019936305
019936306
019936307
019936308
019936309
019936310
019936311
019936312
019936313
019936314
019936315
019936316
019936317
019936318
019936319
019936320
019936321
019936322
019936323
019936324
019936325
019936326
019936327
019936328
019936329
019936330
019936331
019936332
019936333
019936334
019936335
019936336
019936337
019936338
019936339
019936340
019936341
019936342
019936343
019936344
019936345
019936346
019936347
019936348
019936349
019936350
019936351
019936352
019936353
019936354
019936355
019936356
019936357
019936358
019936359
019936360
019936361
019936362
019936363
019936364
019936365
019936366
019936367
019936368
019936369
019936370
019936371
019936372
019936373
019936374
019936375
019936376
019936377
019936378
019936379
019936380
019936381
019936382
019936383
019936384
019936385
019936386
019936387
019936388
019936389
019936390
019936391
019936392
019936393
019936394
019936395
019936396
019936397
019936398
019936399
019936400
019936401
019936402
019936403
019936404
019936405
019936406
019936407
019936408
019936409
019936410
019936411
019936412
019936413
019936414
019936415
019936416
019936417
019936418
019936419
019936420
019936421
019936422
019936423
019936424
019936425
019936426
019936427
019936428
019936429
019936430
019936431
019936432
019936433
019936434
019936435
019936436
019936437
019936438
019936439
019936440
019936441
019936442
019936443
019936444
019936445
019936446
019936447
019936448
021164470
021164471
021164474
021164475
021164478
021164480
021164481
021164482
021164483
021164484
021164485
021164486
021164487
021164488
021164490
021164491
021164492
021164493
021164494
021164496
021164497
021164498
021164499
021164500
021164501
021164503
021164504
021164505
021164506
021164507
021164508
021164509
021164510
021164511
021164512
021164513
021164514
021164515
021164516
021164517
021164519
021164520
021164521
021164522
021164523
021164524
021164525
021164526
021164528
021164529
021164530
021164531
021164532
021164534
021164535
021164536
021164537
021164538
021164539
021164540
018751450
