016681404
015465702
015465703
015471453
015764920
014552396
009543336
016713249
016728486
016938179
016942346
012935449
012940111
012940358
012940694
012945201
012945357
012947194
012947427
012947861
012953511
012955803
012972692
012988506
012993049
012995905
013035147
013035506
013041586
013043425
013048650
013050360
013087996
013090561
013109810
013110724
013110752
013110878
013114520
013114829
013115417
013115459
013115469
013115490
013115506
013115526
013116066
013116069
013116071
013190518
013523988
013524000
013543757
013576546
013591248
016250950
016293593
016293719
016293724
016293746
016293793
016293844
016293882
016293944
016294012
016294071
016294121
016294138
016295590
016295686
016295692
016295732
016295770
016295776
016295786
016295787
016295845
016295850
016295859
016295862
016295872
016295887
016295892
016295896
016295901
016295909
016295914
016295969
016295974
016296168
016296359
016296479
016296520
016296716
016296745
016296748
016296776
016296792
016296830
016296860
016296868
016296879
016296889
016297154
016297174
016297188
016298146
016298147
016298216
016298681
016298704
016298752
016298770
016298971
016300625
016300701
016300704
016300793
016300814
016300854
016300999
016301494
016301680
016301691
016301738
016302592
016304349
016304351
016304366
016304377
016309199
016309228
016309414
016309479
016320596
016322215
016322225
016322251
016322258
016322277
016322283
016322609
016322619
016322687
016334661
016334680
016334760
016336572
016336599
016423603
016423605
016423612
016423674
016423681
016424327
016424379
016424857
016427353
016427407
016427481
016427504
016429088
016429212
016429281
016433008
016433021
016438106
016438160
016438175
016438419
016447700
016452344
016452493
016452509
016452512
016452536
016454693
016454804
016460043
016460177
016471180
016471189
016471202
016471230
016471242
016474874
016474901
016476550
016477019
016477028
016479158
016479305
016481619
016490660
016490697
016490768
016490777
016491355
016491657
016491730
016493267
016493585
016493663
016493688
016493961
016496031
016496051
016496072
016496078
016496400
016496410
016496419
016496626
016496648
016496690
016498333
016498341
016498344
016498383
016498424
016498543
016498585
016498636
016504948
016505000
016505231
016517199
016517398
016517464
016517476
016517585
016517969
016519313
016519324
016519440
016519596
016519611
016522378
016524390
016524822
016524911
016524933
016524964
016524966
016526104
016526186
016526723
016526730
016526837
016526883
016527279
016527340
016527375
016528316
016528375
016528388
016528400
016528427
016528431
016528464
016528479
016528584
016528594
016528605
016528630
016528656
016528693
016528702
016528853
016528953
016529009
016529020
016529023
016529030
016529034
016529037
016529045
016531417
016531475
016531486
016531543
016531555
016531559
016531591
016531617
016531901
016535677
016535718
016535817
016535860
016535874
016535881
016536032
016536038
016536053
016536056
016536067
016536074
016536075
016536083
016536086
016536098
016536112
016536147
016536152
016538256
016538266
016538271
016538286
016538355
016538368
016538609
016538636
016538668
016538734
016538754
016538756
016538841
016539045
016539250
016539267
016539324
016539364
016539383
016539559
016539591
016540544
016540605
016541194
016541200
016541215
016541224
016541225
016541229
016541251
016541294
016541350
016541392
016541413
016541505
016541554
016541572
016541576
016542757
016542784
016542801
016542818
016542825
016543226
016543278
016543292
016543294
016543337
016543340
016543432
016543441
016543459
016543568
016543672
016543676
016543684
016543687
016543693
016543742
016543749
016544270
016544337
016544356
016545448
016545613
016545677
016545713
016545748
016545918
016546373
016546381
016546490
016546491
016546536
016546542
016546807
016548720
016548817
016549201
016549204
016549206
016549218
016551284
016551311
016551344
016551498
016551553
016551585
016552033
016552334
016552359
016552369
016552413
016552599
016552623
016552637
016552653
016552733
016552777
016552815
016552832
016552846
016552868
016553310
016553638
016553872
016554037
016554050
016554266
016556699
016556738
016556874
016556917
016556924
016557007
016557058
016557083
016557103
016557109
016557114
016560333
016560339
016560413
016560425
016560778
016560853
016560863
016560884
016560944
016560971
016561028
016563556
016563572
016563598
016563789
016563815
016563868
016563902
016564137
016564140
016564150
016564165
016564183
016565690
016565700
016565710
016565759
016565811
016565929
016565975
016566072
016566075
016566080
016566085
016566122
016566218
016586072
016586762
016593087
016593170
016593178
016595899
016595914
016607157
016607196
016607292
016607297
016607306
016607311
016607329
016607366
016607381
016607412
016607449
016607451
016607461
016607480
016607571
016607572
016611380
016611433
016611473
016611480
016611496
016611499
016611516
016611528
016611549
016611559
016611563
016611614
016611703
016611721
016611734
016611742
016613134
016613200
016613206
016613227
016613239
016613591
016613605
016613628
016613635
016613719
016613721
016613758
016613769
016613778
016613876
016613928
016613930
016614001
016620115
016620224
016620227
016620237
016620242
016620312
016620341
016623054
016623174
016623320
016623332
016623356
016623372
016623395
016623406
016623464
016623521
016623535
016623571
016623605
016623735
016623747
016623752
016623763
016623773
016624290
016631758
016632001
016633072
016633117
016633135
016633188
016633202
016633483
016634533
016634544
016634591
016634608
016634629
016634642
016634654
016634656
016634670
016634858
016634860
016634941
016635050
016635055
016635064
016635073
016635089
016635117
016635136
016635143
016635147
016635176
016635178
016635190
016635195
016635349
016635367
016635380
016635393
016636548
016636566
016636583
016636736
016636748
016636915
016637053
016637139
016637149
016637159
016637179
016641323
016641334
016641427
016641448
016641456
016641838
016641889
016641899
016641942
016642066
016642144
016645698
016645770
016645797
016645817
016645818
016645887
016645957
016645962
016646032
016646077
016646101
016646145
016646171
016646200
016646214
016646219
016646246
016646267
016646282
016646314
016646317
016646334
016646353
016646416
016646446
016646728
016646826
016648022
016648026
016648035
016648281
016648288
016648300
016648427
016648430
016648432
016648439
016648457
016648586
016648605
016648654
016648783
016648832
016648870
016648912
016651652
016651661
016651806
016652013
016652075
016652125
016653553
016653621
016653638
016653646
016653999
016655570
016655575
016655590
016655658
016655963
016655971
016655973
016656025
016656125
016657164
016657481
016657548
016682038
016682054
016682155
016682175
016692138
016692203
016692302
016692339
016692348
016692365
016692423
016692437
016692466
016692596
016692773
016692814
016692823
016692860
016692863
016696406
016696411
016696432
016696822
016696834
016696890
016697147
016697148
016697175
016697177
016697251
016697255
016697264
016697296
016697318
016697336
016698822
016698851
016698907
016698925
016698944
016698950
016698961
016698975
016698997
016699072
016699083
016699116
016699121
016699156
016699170
016699346
016699393
016699561
016707099
016707129
016707212
016710127
016710182
016710629
016710664
016710808
016712275
016712326
016712344
016712472
016712530
016712596
016712853
016712875
016712893
016712911
016712916
016712920
016712930
016713012
016713020
016713040
016713053
016713058
016713072
016713081
016713180
016713190
016713200
016713248
016713260
016713262
016713289
016713317
016713336
016713367
016713372
016715744
016715947
016715995
016716060
016716561
016716830
016717951
016717999
016718004
016718009
016718013
016718031
016718054
016718131
016718159
016718193
016718210
016718227
016718243
016718256
016718269
016718275
016723461
016723503
016723521
016725201
016725209
016725225
016728276
016728332
016728345
016728360
016728420
016728469
016728493
016728544
016728550
016728581
016728592
016728605
016729314
016729376
016732059
016732101
016732319
016732367
016732388
016732413
016734964
016734972
016734976
016735092
016735140
016735157
016735310
016735322
016735336
016735371
016735401
016735415
016735442
016735576
016735685
016735694
016735830
016739185
016739187
016739206
016739232
016739233
016739329
016739911
016740843
016741292
016744838
016744845
016744851
016744865
016745091
016748315
016748754
016748789
016748848
016748882
016748924
016749036
016760086
016760105
016760126
016764785
016764786
016764843
016764863
016764874
016764897
016765155
016765326
016765592
016770863
016770867
016770889
016770890
016770905
016770907
016770944
016773399
016773410
016773416
016773430
016773439
016773453
016773459
016773475
016773478
016773547
016776818
016776828
016776868
016776877
016776889
016776901
016776922
016777000
016777008
016782801
016782807
016782810
016783128
016783211
016783239
016783251
016783258
016783283
016783290
016783495
016783523
016783529
016786025
016786027
016786392
016786411
016786619
016786636
016793574
016793581
016796048
016796127
016797330
016797361
016797604
016797618
016797621
016798104
016798157
016800768
016800801
016800813
016800850
016800964
016803536
016803581
016803587
016803595
016803608
016803615
016803629
016803656
016803687
016803706
016803730
016804405
016804554
016804559
016804587
016804591
016804593
016809252
016809259
016809268
016809453
016809470
016809478
016809489
016809499
016809516
016813092
016813128
016813322
016813347
016813422
016813436
016813471
016813473
016813523
016813525
016813538
016816981
016820320
016820328
016820394
016820615
016820623
016820647
016820947
016820952
016820958
016820966
016820969
016821057
016821072
016821083
016821125
016821386
016821419
016821433
016821497
016821516
016824058
016824063
016824086
016824511
016824634
016824635
016824796
016824854
016825003
016825005
016825641
016828782
016828801
016828842
016828874
016832302
016832309
016832417
016832536
016832948
016832953
016832960
016833749
016833797
016867690
016867707
016869784
016869799
016869806
016869873
016869877
016869926
016870372
016870428
016870848
016870899
016870900
016870972
016871567
016871618
016872241
016872258
016872339
016872355
016872382
016872568
016872591
016873980
016874014
016874028
016874509
016874516
016874537
016874618
016874675
016874729
016874744
016874839
016874851
016874852
016874854
016875710
016875716
016875752
016876058
016876065
016876467
016876492
016876523
016876524
016876530
016876581
016876593
016876594
016876612
016878331
016878508
016878513
016878527
016878536
016878552
016878567
016878573
016878575
016878590
016878600
016878633
016880965
016880999
016881012
016881024
016881085
016881117
016881169
016881690
016881705
016882017
016883552
016883841
016883846
016884126
016884174
016884208
016884220
016884228
016884301
016884335
016884336
016884530
016884573
016884647
016887569
016887574
016887603
016887620
016887658
016887676
016887684
016887705
016887710
016887949
016887956
016887963
016888289
016889620
016889788
016889828
016889857
016889902
016889945
016889954
016890073
016890083
016892485
016892505
016892511
016892522
016892523
016892540
016892795
016897109
016897131
016897136
016897165
016897166
016897173
016897243
016897492
016897513
016897569
016897574
016899694
016899701
016899705
016899709
016899741
016899746
016899750
016899760
016899762
016899778
016899786
016899806
016899836
016899844
016900036
016900069
016900124
016900938
016910105
016910117
016910125
016910131
016911635
016911647
016911675
016911683
016911694
016911701
016911717
016911729
016911734
016911773
016911781
016911874
016911936
016911946
016911947
016911965
016911966
016911969
016917540
016917568
016917586
016917621
016917623
016917655
016917657
016917906
016917949
016917982
016918401
016918417
016918547
016918593
016919097
016930042
016930066
016930073
016930143
016930169
016930181
016930632
016930638
016930642
016930651
016930677
016930736
016930881
016930948
016931037
016931054
016931069
016931070
016931075
016931160
016933603
016933606
016933615
016933633
016933655
016933708
016934404
016937225
016937246
016937486
016937487
016937503
016937510
016937540
016937551
016937558
016937562
016937563
016937584
016937592
016937598
016937600
016937607
016937632
016937633
016937637
016938153
016938169
016938176
016938186
016938192
016938195
016938210
016938211
016938250
016938267
016938287
016938300
016938325
016938340
016938341
016938349
016938352
016938354
016938387
016938415
016938432
016938507
016941870
016941895
016941904
016941907
016941908
016941911
016941912
016941915
016941916
016941922
016941934
016942003
016942031
016942245
016942248
016942255
016942271
016942285
016942305
016942317
016942644
016942646
016942647
016942653
016942664
016942676
016942678
016942688
016942690
016942695
016942702
016942987
016943274
016943301
016943308
016943315
016945191
016945205
016945506
016945559
016945593
016945599
016945602
016945635
016949117
016949159
016949171
016949184
016949188
016949194
016949196
016949198
016949255
016949258
016949395
016949402
016949405
016949426
016949431
016949432
016949469
016949476
016949942
016949987
016950652
016952054
016952186
016952265
016952282
016952314
016952319
016952411
016952440
016952463
016952538
016953421
016953429
016953435
016953446
016953467
016953472
016953485
016953504
016953788
016953835
016953904
016953915
016953932
016957202
016957336
016957873
016957880
016958020
016958045
016958153
016958252
016958284
016958286
016958683
016958693
016963478
016963561
016963589
016963596
016963717
016963738
016967215
016967240
016967251
016967262
016967324
016967677
016967695
016967720
016968114
016968138
016968455
016968477
016968483
016968487
016968557
016968934
016968962
016969119
016969277
016971232
016971257
016971324
016971401
016971434
016971455
016971482
016971492
016971505
016971508
016971532
016971556
016971580
016971586
016971590
016971592
016971595
016971597
016972145
016972150
016972290
016978596
016978713
016978715
016978765
016978817
016978824
016978844
016979531
016979550
016979748
016980294
016982381
016982401
016982443
016982941
016982948
016982973
016982980
016982988
016983021
016983216
016983220
016983229
016983237
016985668
016985679
016985691
016985707
016985717
016985723
016985871
016985883
016985966
016986381
016986420
016987090
017000075
017000208
017003701
017003707
017003720
017003927
017003945
017003971
017003995
017005197
017007045
017007184
017007537
017008174
017008176
017008259
017008364
017008375
017008450
017008459
017008508
017008512
017008544
017008551
017008576
017012600
017012605
017013610
017013615
017013984
017018512
017018533
017018542
017018609
017018615
017018618
017018622
017018632
017018650
017018656
017018662
017020699
017020704
017020705
017020708
017020715
017020735
017020744
017020746
017020765
017020766
017021013
017021041
017021573
017021610
017021620
017021631
017021693
017021876
017021890
017021899
017021922
017022025
017022027
017022028
017022031
017022034
017022553
017028035
017028046
017028055
017028083
017028129
017028140
017029818
017029823
017029826
017029845
017029999
017030016
017030043
017030054
017030109
017030153
017030169
017031421
017035494
017035498
017035506
017035523
017035543
017035549
017035552
017035553
017035554
017035561
017035568
017035604
017035609
017035612
017035613
017035643
017035682
017035715
017035790
017035811
017041320
017041340
017041341
017041355
017041366
017041368
017041373
017041378
017041383
017041653
017041663
017042257
017042596
017048206
017048257
017048269
017048270
017066087
017066111
017066208
017066300
017066385
017066398
017066407
017066417
017066424
017066599
017071755
017071777
017071850
017076166
017076210
017083021
017083027
017083189
017083204
017083231
017083246
017083337
017083345
017083359
017083365
017083370
017093090
017098857
017109693
017109846
017109897
017109914
017109940
017109963
017109984
017110171
017110188
017110243
017116994
017117067
017117071
017117155
017117352
017117359
017117362
017118107
017123402
017126185
017126196
017126207
017126212
013619648
013644555
013677403
013680190
013685931
013702023
013706892
013739097
015764194
015796977
015811144
015839831
015843841
015844859
015857188
015894026
015894297
015967182
015967396
015973105
015975904
015976884
015984732
015988962
015988969
016032070
016032100
016032255
016032819
016038197
016042364
016042377
016047483
016047639
016051268
016051299
016051326
016055163
016055178
016059405
016074949
016075161
016075164
016084684
016105118
016105125
016105988
016105995
016106006
016129906
016130252
016134778
016145043
016146246
016146258
016146687
016146814
016146876
016146905
016147039
016147045
016148852
016148865
016148905
016148986
016148992
016149012
016149056
016149059
016149100
016149220
016149405
016149424
016149431
016149475
016149519
016149548
016149603
016149629
016149649
016149659
016149683
016149692
016149718
016149749
016149765
016149767
016149782
016149788
016150881
016153608
016153643
016153773
016153798
016153867
016153891
016164974
016165116
016165567
016165891
016165905
016166173
016166230
016166279
016166298
016166386
016166394
016166416
016166426
016166428
016166434
016166632
016166658
016166699
016166736
016166766
016166776
016166782
016166788
016167156
016169297
016170265
016170277
016180793
016180888
016180914
016180916
016180925
016180932
016180946
016180954
016180960
016180975
016181001
016181034
016181066
016181068
016181080
016181099
016181106
016181125
016183106
016183417
016183436
016183450
016183471
016183478
016183559
016183583
016183597
016183708
016183811
016183920
016183932
016184102
016184112
016184188
016184206
016184467
016184543
016184579
016185016
016185022
016185037
016185051
016185069
016185289
016185366
016185385
016185397
016185404
016185419
016185435
016185463
016185473
016185510
016185541
016185590
016185607
016187707
016197112
016197132
016197731
016197764
016197786
016197808
016197842
016197854
016197881
016198113
016198118
016198294
016198315
016198345
016198355
016198434
016198624
016198630
016198656
016203212
016203438
016207235
016207249
016207696
016208794
016208821
016208854
016208855
016208875
016208937
016208990
016209388
016209414
016209452
016209567
016209617
016209633
016209756
016209788
016209803
016209833
016211768
016211776
016211887
016211943
016212242
016212270
016212315
016213685
016213758
016213815
016214069
016214088
016214139
016214286
016214289
016214337
016214366
016214402
016214447
016214459
016216515
016216540
016216558
016217129
016217157
016217173
016217219
016218417
016221789
016221794
016221807
016221814
016221825
016221835
016221911
016221924
016222028
016222035
016222359
016222391
016223766
016223876
016223988
016224007
016224044
016224058
016227194
016228000
016228169
016228308
016228339
016228352
016228371
016228388
016228594
016228731
016228747
016228796
016228868
016228879
016228908
016228910
012934496
012934523
012945617
012947572
012951087
012951221
013035106
013047198
013050308
013102628
013102814
013109799
013110860
013115369
013115381
013126635
013592641
016295739
016295781
016296071
016296215
016296782
016296858
016298904
016300599
016300614
016300627
016300639
016300661
016300670
016300672
016300691
016300692
016300835
016300845
016300974
016301436
016301468
016301474
016302608
016302618
016320590
016320610
016322202
016322235
016322697
016334783
016336292
016336618
016423652
016423668
016423678
016423696
016424050
016429267
016429315
016429345
016429564
016432989
016437996
016438491
016452273
016452521
016452525
016454721
016460141
016476214
016476599
016477036
016481672
016493567
016493590
016493882
016493906
016496432
016498672
016504945
016517049
016517244
016517365
016519579
016519624
016522070
016522085
016522158
016523576
016523582
016525008
016526720
016526902
016527317
016528208
016528743
016528780
016528792
016528995
016529042
016531376
016531403
016531526
016531550
016531889
016535845
016535937
016535974
016536019
016536026
016536036
016536191
016536203
016536225
016536244
016538572
016538648
016539236
016541189
016541217
016541236
016541290
016541292
016541309
016541312
016541316
016541329
016541335
016541339
016541359
016541381
016541582
016542908
016542909
016542924
016543218
016543280
016543316
016543447
016543562
016545691
016545726
016545795
016546403
016551245
016551491
016551588
016552344
016552407
016552741
016552801
016552835
016552849
016552861
016553909
016553937
016554159
016556199
016556895
016556996
016557122
016560343
016560441
016560490
016560854
016560883
016563092
016563207
016563603
016563607
016563765
016563778
016563792
016563799
016564131
016564175
016566308
016566318
016566322
016584269
016586733
016586764
016590864
016607231
016607262
016607343
016611455
016611503
016611554
016611592
016611699
016611740
016611756
016613184
016613213
016613641
016613749
016619764
016619809
016620025
016620219
016620231
016620239
016620467
016622988
016623008
016623297
016623474
016623568
016623583
016623645
016623656
016623663
016624316
016627764
016631882
016631941
016633038
016633042
016633060
016633063
016633074
016633084
016633093
016633217
016633240
016633246
016633248
016635070
016635087
016635105
016635154
016635168
016635185
016635189
016636556
016636592
016636612
016636615
016636618
016636630
016636633
016636640
016636706
016636720
016636759
016636945
016637106
016637431
016637494
016637504
016637521
016637539
016641066
016641140
016641154
016641382
016641389
016642127
016642136
016645888
016646042
016646118
016646224
016646244
016646257
016646262
016646338
016646413
016646450
016646452
016646807
016647986
016648091
016648096
016648110
016648117
016648260
016648584
016648597
016648599
016648602
016648834
016651655
016651679
016651693
016651710
016651794
016652025
016652157
016653453
016653495
016653501
016655537
016655583
016655593
016657178
016681953
016682105
016682184
016685461
016685473
016685546
016692072
016692090
016692103
016692183
016692224
016692385
016692516
016696863
016696896
016697038
016697070
016697102
016698703
016698872
016699024
016699102
016699147
016699426
016699441
016699501
016707139
016710822
016710901
016712497
016712503
016712627
016712660
016712672
016712677
016712859
016712899
016712905
016712952
016713089
016713212
016713216
016713224
016713306
016713329
016713340
016715357
016715844
016716024
016716447
016717970
016718146
016718262
016718273
016723444
016725541
016725624
016728251
016728273
016728286
016728295
016728310
016728315
016728391
016728511
016728528
016728574
016728627
016728712
016728716
016732077
016732130
016732151
016732190
016732200
016732204
016732208
016732406
016732412
016735056
016735072
016735076
016735080
016735109
016735117
016735122
016735132
016735167
016735179
016735343
016735358
016735385
016735418
016735429
016735431
016735435
016735437
016735846
016735871
016737977
016738154
016739290
016739870
016739948
016741327
016741418
016748831
016748851
016748921
016749006
016760337
016760394
016764859
016764881
016764887
016764957
016765352
016765586
016765658
016766145
016770897
016771074
016773442
016773847
016776836
016776909
016782827
016783331
016783520
016783526
016786009
016786114
016786368
016786729
016793565
016796082
016796099
016796176
016798131
016798142
016800743
016800810
016800816
016800973
016803803
016804454
016807373
016807375
016807377
016809276
016809388
016809485
016809491
016809497
016809510
016813078
016813141
016813187
016813423
016813503
016813526
016813536
016813540
016820637
016820645
016821192
016821500
016824031
016824042
016824152
016824172
016824185
016824200
016824254
016824418
016824500
016824643
016824649
016824671
016824681
016824687
016825652
016825672
016828869
016829061
016832299
016832312
016832494
016832497
016832505
016832511
016832528
016832539
016833756
016833765
016833770
016867358
016867429
016867695
016869802
016869824
016870845
016871703
016872246
016872279
016872317
016874005
016874574
016874578
016874706
016874987
016875795
016875835
016875872
016875888
016876091
016876541
016876546
016876554
016876623
016876637
016876643
016878432
016878446
016878640
016878651
016881078
016881684
016884605
016884628
016887661
016887665
016887668
016887671
016887699
016887915
016887972
016887995
016888177
016888297
016889579
016889667
016889771
016889772
016889780
016889877
016889924
016889970
016890112
016892557
016892835
016897101
016897154
016897194
016897196
016897238
016897240
016897488
016897601
016899689
016899730
016910095
016911658
016911691
016911695
016911800
016911881
016911885
016911899
016911980
016917611
016917633
016917639
016917641
016917879
016917896
016917928
016917946
016917958
016918372
016918503
016919139
016930106
016930174
016930711
016930751
016931151
016933638
016933640
016937514
016937518
016937520
016937522
016937588
016937619
016938198
016938257
016938266
016938423
016938427
016938438
016938471
016938485
016941874
016941926
016942264
016942307
016942333
016942717
016943293
016944907
016945197
016945233
016945256
016945333
016945536
016945645
016949113
016949141
016949189
016949199
016949214
016949223
016949371
016949443
016949485
016949490
016951998
016952469
016952486
016952524
016952546
016952557
016952564
016953441
016953546
016953564
016953808
016953917
016958004
016958070
016963577
016963584
016963686
016963700
016967197
016967202
016967284
016967334
016968518
016969116
016971177
016971182
016971527
016971548
016971572
016972011
016972045
016978636
016979514
016980309
016980333
016982411
016982423
016982907
016982917
016982939
016982957
016983084
016983102
016983190
016985670
016985904
016985953
016987033
017000467
017000469
017000479
017003370
017003371
017003409
017003738
017004039
017005170
017005172
017005177
017007092
017008523
017013691
017018558
017018567
017018579
017018611
017018644
017020750
017020969
017021006
017022041
017028094
017029800
017029824
017029867
017029896
017030101
017030140
017030147
017030174
017030176
017035517
017035582
017035592
017035793
017035808
017041418
017041435
017041656
017041664
017066207
017066607
017066629
017071957
017083011
017085354
017093063
017098748
017098770
017098838
017109868
017109881
017110185
017126158
017126171
013626387
013737506
013737839
015764052
015802751
015802774
015810179
015843075
015902121
016006697
016032737
016046680
016052928
016075148
016075165
016080358
016091699
016103802
016119444
016147005
016153923
016153940
016153966
016154006
016154034
016167108
016167137
016167149
016169854
016181159
016181172
016181182
016181191
016181200
016183021
016183125
016183246
016183407
016183564
016183591
016183595
016183731
016183841
016184098
016184114
016184220
016184231
016184242
016184250
016184594
016184604
016184616
016184626
016189634
016189690
016197179
016197780
016197911
016198139
016198243
016198644
016198647
016198669
016198752
016198797
016206629
016206763
016206802
016206958
016207275
016207281
016209421
016209727
016212963
016212991
016213050
016213073
016213558
016214141
016214173
016217187
016217297
016217312
016217317
016217340
016221913
016222389
016222553
016223759
016224102
016224114
016224337
016224354
016224371
016224400
016224482
016224496
016224508
016227120
016228276
016228601
016228943
013569509
016198736
016209766
016212170
013082347
013114488
013588311
016293812
016293817
016309587
016429490
016476114
016481701
016490875
016491652
016491810
016496567
016496619
016498356
016504886
016505280
016505284
016517566
016528187
016528190
016528244
016528845
016531449
016542939
016543233
016545424
016554237
016556789
016560817
016564168
016566289
016607541
016611569
016613767
016620388
016623551
016631753
016635383
016637115
016641252
016641881
016646096
016646356
016648610
016682117
016692191
016692498
016692501
016696847
016696852
016697280
016710877
016718068
016732355
016735106
016735172
016735192
016737980
016764807
016770888
016776955
016786352
016793563
016797365
016804581
016820296
016867709
016872273
016874495
016875794
016875895
016875904
016875913
016876616
016884654
016889642
016889831
016889930
016897182
016897392
016911912
016917782
016938520
016942275
016942639
016942661
016942995
016945231
016945519
016952015
016953531
016967237
016968401
016972023
016980286
016983105
016983262
016983270
017014070
017035764
017048234
017066057
017074946
017083330
017083962
017093120
017098761
017098778
017098781
017109654
017110249
013623388
016032300
016032311
016050875
016073737
016075805
016189544
016226977
016226990
016227001
016227019
016227103
