018129643
020101433
018570606
018594257
018611092
018611121
018611187
018611203
019727675
019837633
019844202
019935127
019953545
019980520
019980531
019980561
018720612
018729727
018848502
018848505
018848512
018894452
018918345
018923798
019012588
019020541
019028506
019028514
019028531
019028540
019028544
019028550
019028554
019028555
019028557
019028558
019028559
019033843
019204128
019242091
019330134
019364685
019370092
019499839
019505496
019674822
019705636
019705644
019705655
019705683
019705689
017620954
017643817
017658581
017748360
017751687
017751737
017783316
017784066
017845965
017876848
017881039
017891198
017945672
017979297
017980175
018041296
018041297
018041298
018041299
018041300
018076644
018077759
018077765
018116242
018116243
018116244
018116245
018116246
018116247
018149180
018156025
018156035
018156043
018159394
018182605
018182886
018190227
018190236
018225208
018265632
018265962
018265995
018266034
018266138
018266170
018266244
018279508
018279516
018279961
018345793
018345964
018346306
018352372
018352441
018352970
018352987
018357036
018357038
018357043
018379124
018379134
018431445
018431449
018464974
018466781
016903710
017110540
017167802
017170167
017501445
016466982
016539239
016565926
016593510
016593715
016737656
016740347
016798279
016798311
016798320
020760441
021030625
