018549519
013089632
016298696
012908608
013637508
018091481
005477584
012900256
013249401
011457335
018716702
017776648
018091476
015174244
016874613
016874694
016875900
017018561
015520341
016311912
016311945
016312012
016320052
017586948
012089979
012908265
012910318
012914507
012915918
012941074
012989684
013037951
013133303
013350249
013352109
013356976
013357553
013357615
013362368
013363506
013363832
013364778
013519308
011458562
013793508
005482300
005484092
017556257
016425491
016425534
016493644
016552708
016824324
016860628
016860664
016875810
016934331
016941840
017017132
017020774
017020787
017027110
017028273
017028292
017507696
017568445
013700444
013797035
015711929
015738289
016100827
016124403
016124459
016124488
016124531
016124541
016125251
016125393
016134178
016134211
016134216
016326284
016326301
016442945
016479557
016493718
014232992
014528135
014628484
014704055
014930461
015359318
015428346
015455894
015472056
015476213
005448570
020105509
020148907
015508190
016874900
016067002
015368540
015394547
015396259
015431174
015434883
015472686
015475338
012088501
012089231
012089963
012089964
012090514
012900255
012901720
012901731
012901737
012901952
012905766
012906130
012907062
012907104
012909102
012912541
012916696
012916719
012917644
012922942
012973483
012975380
013014873
013014895
013014903
013014911
013014960
013108654
013108668
013108680
013115668
013226475
013269361
013307773
013352122
013352128
013353792
013357858
013361393
013361452
013364796
013379876
013388330
013412978
013520503
013558228
013569774
013580303
013628646
011452154
011452171
011452172
011453219
011453231
011453232
011453348
011453470
011453533
011455541
011455552
011457152
011457162
011457488
011458245
011458491
011459054
011459395
011459512
011459770
011482699
011482707
011738616
012089401
008525966
005415083
005419445
005422682
005430337
005462079
005464462
005466686
005477401
005483760
005506330
005509539
020124141
019213483
019219369
019827467
019833821
020223122
020223369
020288797
020547346
020547351
017433769
017442727
018737475
018738688
018822160
018822745
016263915
016263927
016297196
016323766
016323884
017630874
017657734
017821361
017880999
018231853
016496408
016556719
016560484
016563797
016565763
016599414
016607377
016656443
016799999
016865251
016867500
016874699
016881132
016881262
016881372
016881406
016930034
016934362
016934377
016934572
016934576
016934586
016934619
016934697
016941849
017005297
017005333
017005416
017005442
017017100
017018595
017027020
017027167
017027279
017027330
017111008
017348515
017359236
013619733
013676105
013700624
013783054
013788688
013798083
013798757
013799637
015298364
015298393
015298667
015300471
015301261
015301361
015345904
015367493
015372727
015379078
015394411
015400110
015403900
015404414
015431427
015431462
015434842
015434941
015444528
015449910
015450153
015450157
015450239
015450867
015454201
015466437
015476423
015478062
015478067
015491474
015493054
015497362
015498343
015507515
015510387
015515249
015523971
015523993
015524544
015524545
015549052
015550003
015553162
015621693
015625959
015658052
015665772
015689120
015801246
015801784
015843392
015844797
015848352
015848437
015849217
015852757
015859436
015859471
015859585
015866339
015871056
015871074
015871096
015871141
015871164
015872843
015886273
015891485
016001913
016008598
016037137
016046131
016051200
016052464
016055809
016066744
016066758
016066765
016066779
016066785
016066793
016066895
016066909
016066916
016066922
016066926
016066988
016066992
016066996
016067004
016067008
016067048
016067049
016067241
016067247
016067264
016067269
016067388
016161289
016164994
016169301
016169334
016169390
016171328
016179597
016180740
016180937
016181164
016192435
016211565
016211566
016212424
016213875
016216176
016216203
016247483
016259158
016263893
016263902
016297201
016298703
016298765
016311937
016312157
016320015
016320021
016414079
016414083
016465128
016465183
016476056
016479515
016483935
016556859
016645936
016646041
016651669
016651997
016652494
016653397
016656389
014050686
014058491
014059026
014340090
014502497
014502593
014509058
014540302
014590722
014594049
014638629
014638636
014678172
014682378
014682586
014687274
014687726
014688261
014693634
014693698
014693714
014694352
014820784
014835088
014835098
014835117
014918492
020828597
020947512
021138177
021138187
013005314
020452025
005409677
005417646
005438565
005478150
005514208
016554145
013329115
014017141
005434289
020119137
020124140
020124142
019623587
019623588
019906537
020239579
020239582
020239585
018816369
019014809
019250948
018136685
016930048
018929864
