013435086
009719019
007030634
007031207
017431727
017431728
017431729
017431731
017553682
018822421
018822437
017572368
017572377
017572383
017572386
017572399
017572414
017572422
017572430
017572434
017572436
017575049
017575051
017575053
017575056
017575057
017575063
017575067
017575076
017575082
017575096
017575104
017575108
017575316
017575321
017575333
017575342
017575347
017575351
017575357
017575359
017580914
017580920
017588616
017588665
017588667
017588676
017588682
017588692
017588700
017588711
017632135
017632151
017632155
017633882
017713994
017909202
017909210
017909222
017909232
017909238
017909271
017909280
017909285
017909299
017909301
017909303
017909314
017909320
017909325
017909335
017987225
018010226
018010241
018010246
018010252
018010257
018010261
018010287
018010296
018389029
018389046
018389049
016538972
016605236
016813309
016874480
017144543
013638388
015548818
015599106
015949141
016023843
008569578
007193403
007195440
007198489
007201427
016601549
016601571
016601663
016601675
016601687
016601711
016601713
016601738
016601745
016601768
016601788
016601822
016601826
016601830
016601849
016601861
016601864
016601889
016601894
016601915
016601922
016601930
016601943
016601948
016601971
016601980
016602912
016602920
016604769
016604775
016604785
016604791
016604796
016604800
016604803
016604846
016604876
016604883
016604898
016604902
016604904
016604907
016604911
016604926
016604928
016604934
016608132
016608140
016608142
016608151
016608157
016608176
016608184
016608187
016608193
016608201
016608204
016608207
016609989
016610002
016610010
016610018
016610021
016610032
015949075
015949093
015949103
015949115
015949153
015949166
015949222
015949227
015949240
015949243
015949247
015949250
015949251
015949255
015949256
015949258
015953603
015953614
015953625
015953629
015953631
015953661
015953674
015953687
015953699
015953730
015953731
015953739
015953743
015953746
015953756
015953759
015953765
015953771
015953789
015961650
015961658
015961662
015961668
015961765
015961778
015961784
015961793
015961803
015961812
015961829
015961877
015961879
015961883
015961888
015961892
015961894
015961905
015961924
015961934
015961941
015971777
015971783
015971790
015971797
015971802
015971805
015971809
015972056
015972064
015972072
015972081
015972087
015972097
015972108
015972115
015972126
015972144
015972148
015972153
015972158
015975795
015975813
015975829
015975840
015975860
015975905
015975939
015975945
015975954
015975969
015975978
015975992
015976003
015976026
015976088
015976113
015976127
015976157
015976185
015976195
015976199
015976205
015976209
015976210
015976297
015976307
015976327
015976335
015976342
015976359
015976390
015976433
015976471
015976478
015976487
015976506
015976545
015976567
015976571
015976588
015976606
015976621
015976647
015976650
015976651
015976652
015980777
015980856
015980905
015980919
015980984
015981008
015981081
015981113
015981127
015988559
015988568
015988583
015988710
015988733
015988740
015988742
015988756
015989167
015989176
015989195
015989208
015993525
015993571
015993576
015993583
015993695
015993708
015993710
015993716
016002745
016002752
016002776
016002788
016002808
016002854
016002887
016002893
016002901
016002908
016002911
016002915
016002923
016002932
016002958
016002972
016002976
016012557
016012561
016012568
016012572
016017208
016017219
016017236
016017248
016017271
016017284
016017297
016023638
016023650
016023660
016023702
016023709
016023716
016023729
016023759
016023767
016023785
016023810
016023835
016023848
016023859
016023866
016023867
016028495
016028532
016028546
007194656
007195821
007197259
007201497
