019724058
020557751
018691315
019025203
019063728
019097694
019118559
019176563
019313087
017929817
018069794
018369770
018375086
013345725
020003927
020148779
018552585
018583466
019713042
019827501
018823374
019038986
019039025
019063700
019104519
019119902
019192111
019257855
019417901
019503229
019611427
019611432
019625857
020589571
017630915
017708126
017716710
017962429
018127744
018262334
018279297
018342383
018457822
016963632
017046850
017151957
017152465
017405529
017447805
016424238
016498311
016524762
016535369
016611118
020685482
020775964
