015725476
009918637
012981432
011614130
011620277
015583414
013063926
013147447
013547271
013661780
012270883
013525959
012931942
013271957
015698186
015835090
013535775
013626625
015658470
015752311
014835420
013213849
013477324
013585589
013603622
013623748
013641434
013707470
013707492
013633205
013676258
013689353
013737728
014747609
012973774
013020003
013040254
013040955
013081674
013096373
013123098
013132151
013198977
013200506
013212080
013226947
013341540
013351960
013378595
013425372
013466602
013471309
013477304
013483148
013483178
013487880
013487886
013488145
013509448
013526140
013560815
013574013
013578061
013586225
013588118
013595062
013609977
013609982
013609986
013610004
013610011
013610024
013610043
013610077
013614744
013614770
013623728
013623779
013623811
013626075
013631247
013631287
013631335
013657457
013674901
013676272
013712261
013748670
013757678
013763374
007832807
007841312
008507072
013603854
013633195
013734452
013737780
013763029
013763574
015300118
015400244
015518021
013816390
014466278
014533136
014604100
014670717
016736351
013309392
013439852
013482933
013578526
012386427
015731617
015741078
015858414
015900628
014492786
013410904
016459081
017741356
016271410
016312203
015332090
015714786
016271262
016312155
016246110
015355375
016023646
016433020
012974436
004157431
012926802
013557621
006933890
017601512
018494028
016564163
016973665
013625325
013742977
015708583
015708591
016247782
016325844
014653207
012877722
012941478
012941486
012941559
012941580
012941603
012941663
012941680
012962603
013014323
013045617
013077816
013098155
013107115
013131156
013186732
013186740
013238932
013261579
013268309
013268313
013268320
013268366
013285312
013295673
013305960
013317012
013317038
013358024
013382308
013382376
013383185
013509181
013509275
013553459
010140422
008881007
008881033
008511274
008511650
019204519
019604825
017599689
017092979
017498376
013612581
013623162
013641401
013641551
013739047
013760443
013783089
013783114
013783183
013793958
013793977
015364835
015364858
015459342
015480187
015525650
015604917
015730840
015757095
015803157
016002280
016429010
016462523
013816193
013943208
013943308
014049222
014083640
014474615
014474625
014474977
014485824
014507894
014533076
014583156
014604899
014619676
014619976
014659207
014659229
014681594
014684584
014703044
014751091
014751098
013889935
013899288
013899289
009535689
017470317
017485746
017703229
017973463
016433649
016855823
016870476
016939392
016946386
013688316
013760457
015894771
016002364
014475275
016150751
014477353
012965509
013005243
007196330
007197184
012874560
012880259
012929434
012929464
014275822
012873164
012880955
012881071
012881083
012881084
013117484
012876711
012929813
016017203
020060043
019510338
017818285
018085703
017020722
017020724
016101557
016102321
016214391
016247810
020828584
013697423
019051054
016876059
016600891
013037082
013127570
009918011
015770471
015324122
012982439
013004307
013044430
013469410
012453617
012457705
007195433
020355876
020486802
018987245
017967864
013621496
007195410
009917983
012934374
013435168
013469324
019763115
016056558
016429045
020655504
021228821
021238219
021238247
021239559
021239574
012454320
013059373
013177012
013218822
013487495
013529486
013600225
013637500
013695683
012435916
012443989
012453450
009918059
007194635
007197785
015840641
013942863
014477374
014648385
014748621
014848729
014848748
012954992
012991912
013129661
013251263
013337691
013344905
013414691
013459002
013499446
013499570
013500047
013511754
013536937
013542332
011613735
009064775
006908140
006922893
006926408
017408559
019035241
013682388
013784486
015303823
014529285
014675550
021126726
021183689
020777028
020777035
012284854
012881145
012957889
013008683
013030280
013086036
013086562
013365809
013379278
013385124
013385256
013387335
013423810
013436879
013470715
013480017
013522282
013532098
013537110
013542279
013542318
013552400
013555167
013579363
012276621
008287882
009700214
009707898
006898292
006921740
006952373
020464906
017960904
018246155
013606526
013615300
013629604
013682858
013682899
013682983
013685133
013775401
013794743
015331212
015331222
015331226
015331231
015676210
015676656
015677688
016175320
013822079
013826972
014056941
014575227
014685855
014703013
014783650
014941125
020731733
020988556
021009383
013712898
012443631
018918666
015304562
021009301
012877547
012878601
012881236
013043395
013274665
013373035
013378777
013681014
009046931
009624837
009711286
006965010
019742796
019609964
016328631
017109981
013741694
015303729
015337111
015338052
015583452
015698748
015722380
015986110
016025376
014409783
014521780
014577693
014603741
020968934
020968938
020993701
012913106
015604851
019620910
013503226
012995400
013009088
013061429
013273524
013543540
013794648
015475883
013813375
013952158
014626308
013075832
013212809
013212879
013529596
019052369
019197872
021047517
020066983
020171167
019122777
016296206
014819833
013053542
016917777
015343105
014199246
014457818
014751251
014863393
014863402
014863614
014868092
014868216
014868674
014882567
014882847
015171756
018546230
018920697
018265430
020980940
021047527
013284744
018729780
019018026
015700368
014202257
017393385
016516297
016567225
013677362
016566760
016586011
016725136
011620374
006945038
019997882
014783913
015685007
016123205
014621515
016565601
017444628
017710764
017755337
017833765
016596892
016649692
015710333
016102956
011482878
011481770
013267447
012446206
014678214
014469459
014099562
016480182
015371371
015674032
015700853
015706016
015825825
016227220
015484881
015507769
015507794
015507935
015637157
015663865
015727832
015762167
016037484
016424463
019156486
010845063
007197221
020016248
014535760
014678207
014775569
018356844
016813364
016724126
015351738
018482381
013189580
019500400
019672475
019672575
019902986
018371268
018471893
016860559
016979532
017390350
016025259
016143340
016461694
016499405
016536965
016697661
013943161
021056824
012446842
012448962
008204898
007195025
007198194
017928186
015326367
015955510
013506280
018465863
019667895
019672560
017719304
018358022
013757642
013790941
015725376
015830551
015836692
015955994
015991013
016748483
012446067
012446455
012449004
012945692
012978718
013005236
013061894
013353450
012446078
012446478
012447635
012447715
012447794
009918585
007193797
007193883
007194030
007194273
007195426
007195851
007195923
007196631
007196782
007197412
007197613
007197790
007199524
007201094
007691619
007032797
007032823
005599207
007193657
007194623
007194678
007194816
007195679
007198653
016425003
014477494
014494281
014494302
014571542
014863504
014936503
012874807
012875766
012876476
012876477
012877506
012911270
012911519
012914717
012916255
012927376
012928988
012929465
012937339
012946252
012954279
012954556
012959029
012962685
012962690
012967985
012971291
012971297
013006794
013012352
013052059
013058264
013058520
013063807
013063823
013099230
013105605
013105628
013105629
013111393
013118742
013121809
013130083
013189593
013189627
013210672
013222006
013225797
013255613
013278489
013282470
013282493
013283807
013288196
013292829
013310342
013325968
013343825
013391724
013431362
013447164
013454412
013454878
013455351
013459259
013470304
013470554
013475504
013490079
013490309
013504891
013504895
013517509
013517511
013522468
013536495
013537246
013537255
013537504
013537505
013541146
013542102
013542109
013547062
013547478
013551812
013552524
013552855
013562367
013562373
013562380
013562381
013562432
013562435
013562738
013564958
013564966
013568343
013572391
013572397
013572398
013572739
013583889
013583951
013583970
013589560
013593985
013595542
013595956
013596179
013596185
013596345
011482276
011611622
011611803
011611804
011611891
011612852
011612864
011612866
011612940
011612946
011612959
011612975
011612990
011613018
011613079
011613091
011613103
011613171
011613184
011613229
011613282
011613300
011613321
011613582
011613608
011613615
011613649
011613693
011613717
011613763
011613822
011613835
011613903
011614041
011614043
011614075
011614148
011614177
011614243
011614776
011614924
011614934
011614957
011614958
011614970
011614973
011615065
011615169
011615218
011615250
011615258
011615440
011615485
011615647
011615665
011616071
011617921
011617967
011617975
011618009
011618011
011618046
011618108
011618423
011618545
011618554
011618578
011618636
011618881
011619166
011619232
011619344
011619586
011619588
011619848
011619892
011619921
011619964
011619987
011619993
011619996
011620006
011620019
011620078
011620110
011620112
011620138
011620160
011620172
011620195
011620199
011620250
011620263
011620268
011620294
011620304
011620311
011620323
011620338
011620342
011620345
011620347
011620371
011620386
011620417
011620429
011620434
011620437
011620456
011620476
011620480
011620506
011620530
011620537
011620542
011620545
011620564
011620576
011620600
011620607
011620668
011620690
011620736
011620786
011620787
011620832
011627921
011627935
011629172
011629176
012274838
010348226
010348245
010348256
009045762
009045767
009045769
009045770
009045772
009045898
009046273
009046353
009046369
009046375
009046402
009046404
009046409
009046416
009046432
009046459
009046545
009046563
009046618
009046662
009046733
009046845
009046881
009046934
009047187
009047248
009047265
009047306
009047346
009047355
009047408
009047511
009047739
009051535
009051668
009051934
009060037
009060043
009060127
009060524
008386011
008386033
008386071
006777582
006777714
006893293
006899378
006900984
006917403
006926738
006933750
006936562
006936641
006939363
006940411
006940419
006941912
006943348
006946879
006950302
006951555
006952326
006955092
006958110
006960295
005603191
018480952
018649829
020329178
020484845
017408445
017418882
017452996
017486869
017543836
016242186
016255122
016256785
016294544
016301881
017569156
017634428
017652381
017654132
017675805
017675820
017704029
017719928
017720023
017721073
017721083
017728124
017728125
017749043
017749087
017755299
017768060
017796814
017815515
017816092
017835912
017842523
017849983
017850153
017850154
017861565
017878368
017911242
017945230
017968323
017968376
017999716
018068406
018068506
018074645
018097183
018102951
018102991
018140964
018149663
018170695
018197284
018235033
018276115
018285564
018330297
015174604
015266017
015283127
015283186
015288329
016477856
016512996
016532620
016546354
016546358
016546677
016546685
016584004
016604810
016605822
016822536
016838008
016838308
016855881
016886318
016889286
016889287
016890440
016898033
016933024
016954613
016964933
016973674
016974606
017038221
017048724
017049021
017049026
017072924
017123230
017123239
017153682
017165566
017165567
017171773
017171784
017372017
017381915
017389950
017444569
017452995
017485556
017544405
017554119
013601860
013602060
013606504
013607595
013607615
013607974
013612865
013612878
013612982
013618295
013618297
013618616
013624559
013632304
013633963
013633966
013634054
013643697
013645427
013645434
013654783
013655389
013655723
013655858
013656072
013656389
013660455
013661013
013661095
013669781
013677595
013677596
013678078
013681716
013683397
013683880
013689082
013708855
013709223
013735764
013735830
013745895
013748876
013751426
013754046
013755977
013755983
013756762
013761645
013761647
013762280
013778838
013778988
013779805
013789335
013789352
013789402
013793303
013805819
013805853
013805881
013807255
015326447
015338050
015341142
015347794
015356945
015371328
015391181
015409153
015426809
015439857
015462089
015463239
015468166
015484886
015489414
015499949
015522278
015522681
015560247
015562447
015566402
015566415
015600538
015605686
015605859
015606293
015610237
015611063
015612604
015612625
015618975
015629716
015629843
015629854
015635212
015654546
015663351
015663376
015664423
015700914
015720196
015752818
015757430
015766983
015776842
015781094
015789709
015789991
015799093
015817008
015820667
015820669
015820687
015820744
015820962
015826126
015841378
015846526
015864625
015864660
015868975
015874647
015887638
015894750
015894775
015899107
015899130
015902880
015903553
015905799
015955826
015963941
015965150
015974557
015986109
015986445
015991017
015999319
016020058
016030438
016030459
016044562
016057776
016068190
016072697
016080361
016081933
016082160
016086514
016091002
016098959
016102993
016103009
016103016
016117791
016117823
016122990
016143031
016156075
016156079
016156237
016176286
016182087
016182728
016195469
016195471
016197678
016207631
016214846
016225051
016232044
016283004
016602945
016688777
013810640
013818912
013823980
013828888
013828925
013829348
013831157
013832973
013834529
013888492
013888556
013950068
014015956
014051409
014053655
014100629
014100835
014200227
014235629
014236257
014342470
014458798
014475945
014476023
014476024
014476278
014476280
014478424
014478636
014478643
014479616
014493161
014493162
014493163
014511196
014511947
014513723
014515031
014517470
014517485
014519389
014519477
014519478
014525954
014529654
014530618
014530694
014530698
014535711
014539485
014545743
014549380
014563043
014566742
014566875
014574698
014575084
014576423
014576425
014579649
014581163
014584108
014588555
014589441
014589442
014599270
014601517
014607067
014607321
014621013
014621014
014621614
014627528
014632901
014636384
014641051
014641331
014647248
014656138
014658068
014669776
014691483
014702284
014707535
014710235
014754445
014755008
014788624
014833715
014852151
014932570
014932573
018466958
018480888
018472003
018481025
019377028
012270968
012666922
012873355
012873599
012873678
012873968
012874779
012875688
012877760
012878850
012880606
012880668
012881078
012911113
012916050
012918213
012918836
012924210
012932755
012933969
012934042
012942839
012942972
012943220
012950305
012950308
012950309
012963337
012967976
012971426
012989009
012991374
012992315
012996770
013007480
013012590
013012795
013012853
013018157
013018544
013018545
013018751
013023175
013023940
013023942
013026015
013028214
013028288
013032963
013033306
013046273
013046360
013046397
013046481
013046486
013046815
013055831
013058726
013059157
013061778
013064888
013065613
013066651
013077920
013079989
013085546
013085577
013092349
013092445
013092468
013092471
013092830
013100204
013105985
013112277
013119480
013120530
013124227
013124418
013124643
013127944
013127949
013128414
013133711
013138190
013167444
013169744
013178048
013185110
013185118
013185808
013186221
013186228
013187411
013187477
013189445
013189991
013195190
013195193
013200348
013200806
013201271
013201422
013205972
013213317
013220762
013226269
013239696
013245646
013250473
013250897
013261384
013261543
013263306
013263335
013264917
013268866
013269413
013270683
013270700
013282520
013282629
013283640
013287573
013296266
013307176
013316078
013322468
013322543
013329440
013337661
013342133
013342835
013343454
013353966
013353989
013355728
013360340
013363044
013366005
013366079
013367167
013370956
013370966
013384495
013387298
013388563
013388862
013395782
013400093
013414701
013415412
013425146
013434927
013437439
013437683
013438148
013442926
013443021
013443386
013452232
013452590
013455329
013455330
013460033
013460218
013464595
013469771
013469871
013469876
013470706
013482350
013485579
013486059
013486454
013491756
013507699
013511751
013512247
013515859
013517481
013525870
013525930
013531574
013532254
013532733
013536512
013536935
013541428
013542212
013542665
013547063
013551482
013552958
013557673
013562766
013565147
013566233
013566247
013572660
013572685
013572710
013572717
013573052
013582894
013583171
013583888
013584202
013586200
013590195
013591091
013593833
013595834
013596350
013599340
013633652
013634738
013634799
013634831
013634871
013634922
013634981
013635075
013635092
013635216
013635255
013661199
011481263
011481277
011481278
011481420
011481490
011481581
011481691
011482062
011482272
011482427
011482432
011482457
011482674
011482677
011482708
011482853
011482854
011482894
011482896
011482897
011482898
011482909
011482978
011611550
011612841
011612871
011612874
011612876
011612880
011612896
011613049
011613058
011613129
011613145
011613162
011613764
011613837
011613851
011613870
011613877
011613888
011614024
011614091
011614110
011614197
011614248
011614558
011614627
011614630
011614658
011614715
011614750
011614756
011614787
011614813
011614844
011614965
011615004
011615032
011615050
011615059
011615086
011615476
011615502
011615581
011615585
011615617
011615630
011615643
011615670
011615676
011615773
011615914
011615951
011616078
011620079
011620133
011624830
011626437
011626493
011628445
011628446
011629137
011629358
012270871
012270894
012270927
012270935
012275633
012276003
012279722
012281465
012281473
012282743
012283675
012283697
012283721
012283868
009695342
010213605
010338561
010348381
010348389
010348927
010349087
010349105
010349196
010350271
010356147
010358286
010359798
010977577
010981447
010984325
010984412
010986013
010986014
010986189
008224410
008226846
008399493
008902817
009046419
009046461
009046524
009046593
009046866
009046868
009046874
009046884
009046927
009046998
009047183
009052756
009058245
009059912
009059936
009059938
009060090
009060552
009060558
009062408
009070501
009700540
009703180
009708755
009710681
009715408
009715428
009715439
009723467
009727644
009727917
009727926
009728270
009728305
009728918
009729179
009729274
009729359
009729375
007726178
007726228
007726252
008386020
008386075
006777537
006777643
006777750
006893875
006896207
006897855
006906191
006907772
006909085
006909135
006910433
006925246
006928090
006929321
006929453
006931821
006936961
006938467
006950683
006955194
006959938
006961057
006963555
007034762
007046295
007047329
020030082
020183646
018466939
018480920
019505320
019903115
020465994
018880844
019168310
019172810
019376684
019376814
019502922
016251039
016314389
017718496
017718545
017718587
017718611
017718613
017873881
017873887
017945217
017945262
017945271
017945306
017945382
017945411
017945434
018356945
018471907
015173400
015175547
015246647
015261719
015272307
015272317
015288466
016589514
016599536
016991145
017021618
013601798
013601812
013606466
013608141
013608184
013609685
013609769
013609793
013609845
013609851
013609857
013609859
013609869
013609870
013611906
013618620
013618919
013619067
013619519
013624760
013624777
013634291
013636328
013637250
013638992
013643072
013645061
013647836
013648914
013649995
013660665
013660811
013661114
013661174
013669760
013672138
013675252
013677879
013678333
013678493
013683480
013683723
013688909
013689119
013689224
013689465
013694340
013694585
013694740
013704170
013704229
013704348
013705526
013716506
013718864
013718866
013718869
013718872
013730716
013736296
013741013
013741372
013750890
013750938
013752845
013756162
013756782
013761225
013761331
013761630
013761826
013763486
013763490
013766630
013768110
013773148
013777702
013778446
013778680
013783839
013788098
013795947
013796305
013802243
013802250
013803533
013805616
015303704
015304954
015308432
015325193
015326885
015329908
015332746
015335920
015346788
015361960
015363136
015363960
015363971
015364595
015370387
015370396
015370494
015370668
015379413
015379675
015383159
015390640
015407741
015449220
015452082
015454636
015454656
015460370
015460382
015465065
015465149
015493317
015498171
015498242
015498260
015498285
015498293
015498299
015498597
015507784
015509376
015509381
015509387
015509392
015561104
015571066
015571358
015573880
015636807
015647518
015667425
015696049
015713565
015727115
015727153
015727264
015762607
015815340
015999287
016067273
016095138
013808704
013810038
013811781
013814178
013814180
013814181
013818242
013818872
013818874
013818965
013820737
013824643
013824836
013824915
013825331
013825351
013828213
013829048
013830796
013830905
013831080
013831410
013831968
013833224
013833348
013834133
013836053
013836086
013836173
013836196
013886887
013887761
013888946
013943039
013944442
013952554
013953888
014048849
014050589
014057040
014100472
014100889
014232495
014232592
014234136
014234272
014235740
014240828
014274698
014342312
014374243
014404486
014404487
014408620
014456644
014463469
014464951
014467590
014469441
014478422
014480830
014496326
014496359
014499753
014500051
014500380
014507605
014508112
014528680
014535716
014535746
014535867
014535909
014536424
014536444
014542327
014542335
014542346
014542359
014560334
014566858
014567578
014570676
014570682
014588077
014589132
014589474
014589481
014598935
014601166
014601791
014605010
014605013
014605017
014618883
014625868
014626435
014631601
014639624
014641120
014645209
014650376
014651293
014651689
014659896
014659905
014659914
014663870
014668299
014669390
014674045
014675100
014680549
014692724
014692728
014695652
014703015
014706954
014710526
014748973
014749221
014751039
014758120
014758124
014776313
014776390
014776606
014778356
014779312
014783586
014785125
014788197
014791567
014843759
014843791
014851105
014855248
014857106
014857109
014857112
014864494
014877565
014877608
014882469
014888294
014888864
014893209
014894223
014897996
014898057
014898066
014898073
014898078
014902811
014902981
014902988
014903059
014910628
014914349
014932336
015107540
012446035
016980436
013656917
015791950
014786560
014914017
013670037
012922436
012924377
012971572
013186129
013315591
013326507
013342833
013365641
013391719
013397035
013434324
013454446
013455895
013464654
013470001
013470306
013470695
013480067
013490284
013494510
013499589
013499594
013516159
013516186
013516302
013517508
013517522
013522593
013532131
013542075
013542120
013542131
013542136
013542315
013547113
013547477
013562379
013572423
013590224
013595540
013596178
013596183
013596189
013596190
013596191
013596202
011482980
011611677
011611691
011613319
011614731
011615403
011616256
011616555
011620519
011620544
011620656
012274769
012274815
012274968
012275059
008970553
009046318
009046336
009046339
009046371
009046415
009046620
009051878
009059652
009060103
009060474
009060562
008386096
006892739
006918627
006958247
007042160
020126757
018475799
018481022
018556005
019903017
019975331
017408452
017485538
017485600
018880628
019377267
016246909
016261581
016261586
016270074
016270096
016284215
016284486
016294620
016294640
016294915
016294933
016299701
016307916
016308352
016316502
016316520
016328134
016328558
016382478
016418828
016418970
017577510
017577695
017602556
017618342
017618343
017618345
017692124
017704043
017792797
017834186
017856277
017878378
018083045
018097194
018098141
018356910
018369983
018466840
015102746
015117020
015182119
015263346
015266527
015291068
016424569
016429742
016443743
016458566
016472650
016477834
016477836
016482388
016494867
016494988
016498935
016499221
016503924
016508182
016541592
016541622
016541746
016541767
016549628
016551494
016558404
016558547
016584899
016596468
016596883
016596888
016597051
016628041
016649725
016660037
016686200
016708076
016708159
016714111
016715699
016758782
016770833
016774665
016794410
016794423
016794445
016794448
016795022
016797411
016801121
016801123
016813931
016813940
016814294
016838318
016888876
016912666
016931804
016931810
016932707
016939408
016939413
016939574
016945756
016946593
016964142
016964624
016964639
016964651
016973129
016973662
016973689
016991022
017000745
017066081
017072944
017072974
017171765
017389343
017435353
017485575
017576714
013602006
013602039
013652041
013706673
013748877
013748879
013753253
013754052
013805827
015325756
015326891
015327160
015333397
015336895
015338001
015338006
015338042
015338064
015338066
015347071
015348745
015348747
015356971
015357015
015357038
015371279
015371329
015371347
015371360
015371380
015376676
015377054
015381396
015381397
015381398
015381696
015381697
015381699
015414996
015414998
015427596
015433086
015434119
015449907
015459504
015460622
015461986
015462090
015480039
015483089
015484906
015484965
015484983
015489395
015489419
015495030
015498003
015500419
015500423
015501024
015506042
015512023
015514826
015514867
015514880
015514885
015514888
015515046
015515053
015515073
015515074
015515085
015515088
015515096
015515104
015515107
015515110
015516140
015517334
015517351
015517357
015517359
015517485
015535136
015540986
015541747
015541748
015541749
015541751
015550704
015550736
015550754
015554495
015557710
015560255
015566364
015567085
015567247
015578080
015579349
015579352
015583490
015583550
015612589
015612645
015618456
015619482
015623558
015629851
015629855
015629913
015630229
015631459
015644097
015644149
015649242
015649247
015663940
015665472
015666259
015668701
015668827
015670848
015673958
015674965
015677065
015678637
015678653
015678661
015678686
015678698
015678714
015678715
015684993
015685023
015685213
015690747
015705965
015705994
015706012
015706282
015706587
015710330
015717585
015722914
015738862
015752814
015757756
015757767
015760395
015760593
015767651
015776112
015776114
015780703
015780712
015780717
015780719
015780791
015781095
015781584
015781585
015781587
015784600
015786519
015786520
015786521
015794414
015794682
015799077
015799090
015799859
015803964
015804030
015804270
015804398
015804953
015819447
015820742
015820745
015820972
015821436
015825786
015826141
015826160
015836772
015836815
015837338
015841364
015841437
015841442
015841791
015846169
015852879
015852880
015852881
015852882
015852883
015854586
015857663
015860079
015860096
015865024
015874439
015874440
015874461
015874521
015874662
015879276
015890260
015894930
015903586
015903959
015905914
015951585
015953976
015955519
015955530
015965109
015991021
015991049
015991054
015991419
016004724
016004964
016006562
016006595
016009588
016012288
016014926
016014946
016020089
016020339
016026106
016026438
016030437
016030959
016035079
016035357
016035449
016038924
016039264
016042157
016042163
016042174
016057336
016057469
016062684
016062732
016062750
016062865
016063084
016063088
016063092
016063093
016065273
016068309
016072700
016072828
016074839
016077120
016082248
016082369
016082541
016085532
016086910
016090684
016090703
016094908
016095001
016095108
016103189
016103197
016107095
016107098
016107222
016107477
016117439
016117511
016117801
016122403
016122404
016135636
016142811
016142829
016145156
016146616
016152344
016156240
016156291
016163074
016167962
016167975
016172470
016181727
016181942
016181945
016182134
016191011
016191260
016205658
016210378
016219696
016226950
016236373
016236741
016236742
016236744
016507365
016655972
013813883
013813993
013815001
013815435
013827043
013828397
013833326
013833806
013888963
014015449
014016293
014016634
014057379
014100842
014276475
014277010
014374602
014493426
014536891
014541835
014542707
014550712
014552306
014555952
014584173
014590360
014615226
014622658
014627266
014627524
014647488
014692117
014702806
014704591
014707670
014750071
014755006
014761047
014761752
014794531
014801484
014801490
014801497
014820751
014838044
014868078
014903894
014905713
014926696
014937963
015102732
016453798
011614334
010338424
