013568822
015771181
007034769
012442148
016528597
016679685
016773508
015737043
016013758
016021341
016062431
016221101
013508540
012441323
012990927
013439679
016279186
016281363
016283072
016293942
016296872
016298217
016302336
016312081
016496566
016516996
016591043
016737749
016739988
013603053
013616906
013634652
013657668
013693598
015466489
015555133
015977621
016160528
016173559
013993158
014275142
014339092
014518488
014624217
014676152
014819512
014907747
012454135
012455187
013068534
013174292
013183620
013589503
012439032
012453430
009918053
009918153
009918609
009918672
006681109
007031814
007032052
007032710
007032934
019753184
019860308
017873937
017874007
017876978
013615099
015338505
016001898
016232998
014237225
014526567
014526606
013554122
015463768
016613383
016194181
016231273
016531905
007032977
018804764
016002905
012445868
012447343
012448328
012975723
012985574
013184065
013688199
013690904
012447483
007197393
007691502
007691615
007694110
007032709
007032962
007032972
007193759
007195403
007199274
019197426
016803748
013700428
015596280
015632549
