013044738
013044783
013053662
013183117
013186346
013226473
015384866
015389964
015389999
015390004
015390021
015390059
015390064
015390116
015392495
012949178
012949195
012949215
012949223
012949235
012949244
012949251
012949260
012949338
012949348
012992914
012998061
013004452
013027071
013051653
013053754
013053780
013067389
013070610
013078698
013078743
013078893
013078927
013078970
013078982
013114317
013114415
013114426
013114486
013114546
013114568
013114572
013114681
013114748
013114777
013117221
013117264
013117288
013117317
013117437
013117646
013126376
013126452
013126462
013126992
013127004
013127233
013127242
013127252
013127353
013131333
013134819
013134830
013134841
013136818
013137512
013138284
013146610
013158719
013168159
013177835
013177856
013182699
013182735
013182884
013182897
013182904
013183034
013183043
013183046
013183108
013183109
013183130
013183135
013183140
013183142
013183166
013183167
013183171
013183179
013183186
013183192
013183195
013183210
013183212
013183219
013183380
013183426
013183458
013183536
013183549
013183567
013183604
013186336
013186360
013186381
013186395
013186501
013186559
013186566
013186587
013186595
013186606
013186614
013186627
013186639
013186643
013186654
013186665
013186702
013186716
013186727
013186744
013186933
013187321
013187324
013187327
013187333
013187339
013187342
013187348
013187352
013187357
013187364
013187369
013192943
013192989
013193016
013196809
013197053
006944770
006944795
006957096
012970188
012970696
012970711
012970742
012972660
012992591
012995681
012995753
012995768
012995775
012995809
012995829
012995854
012995868
012995881
012996056
012996061
012996070
012996147
012996168
012996228
012996251
012996271
012997954
012997968
012997986
012998031
012998037
012998042
012998050
012998072
012998100
012998110
012998190
013004466
013004486
013004503
013004535
013004546
013004573
013004588
013009177
013010168
013014736
013026757
013026997
013027031
013027056
013027079
013027100
013027108
013027165
013027179
013027192
013027740
013044423
013044541
013044565
013044692
013044729
013044761
013044802
013047123
013047131
013047140
013047144
013047748
013047876
013051671
013051710
013051728
013051807
013051886
013066483
013068131
013068137
013068147
013070621
013070638
013078758
013078780
013078852
013078876
013078908
013078962
013078997
013114320
013114950
013116511
013117370
013117384
013117466
013117507
013126196
013126343
013126470
013126970
013127228
013127263
013131299
013131345
013131427
013134728
013134847
013137008
013137048
013138186
013138271
013138530
013138563
013146618
013172671
013172699
013172714
013172725
013172776
013172823
013172860
013172876
013172894
013172917
013172972
013172982
013173275
013173292
013176822
013176839
013176860
013176876
013176930
013177577
013177646
013177844
013182901
013183052
013183087
013183092
013183094
013183098
013183107
013183124
013183158
013183176
013183185
013183193
013183199
013183201
013183211
013183215
013183220
013183225
013183233
013183240
013183243
013183248
013183256
013183260
013183263
013183275
013183279
013183320
013183353
013183370
013186343
013186351
013186356
013186367
013186371
013186378
013186384
013186388
013186391
013186402
013186421
013186427
013186435
013186444
013186522
013186527
013186531
013186536
013186543
013186550
013186757
013186768
013186779
013186792
013186837
013186882
013186901
013186910
013186917
013186973
013186982
013186991
013187001
013187010
013187133
013187303
013187306
013187310
013187312
013187316
013198101
013198427
013203623
013204439
013204478
013208508
013208515
013208549
013222709
013222769
013225183
013225193
013225208
013225217
013226349
013226352
013226354
013226357
013226362
013226365
013226368
013226372
013226376
013226383
013226392
013226402
013226408
013226412
013226466
013226482
013226486
013226495
013226504
013226515
013226525
013226541
013226549
013226562
013226570
013226582
013226586
013226593
013226600
013226613
013226624
013244267
013244276
013244334
013244337
013244358
013244381
013244407
013244514
013244519
013244522
013244527
013244532
013244540
013244550
013244561
013244563
013244571
013244577
013244583
013244599
013244608
013244616
013244626
013244677
013244685
013244694
013244701
013244712
013244735
013244894
013244956
013244966
013244982
013244992
013245003
013245012
013245024
013247453
013247456
013247461
013247470
013247474
013247481
013247492
013247502
013247525
013247603
013252690
013252697
013259271
013259272
013259288
013259289
013259328
013259341
013259353
013259425
013259439
013259455
013285080
013285086
013286011
013286015
013286022
013286027
013286032
013286037
013286042
013286053
013286079
013286116
013286128
013286134
013286140
013286143
013286145
013286150
013286155
013286157
013286160
013286165
013286171
013286176
013286180
013286184
013286190
013286195
013286200
013286213
013286218
013286223
013286227
013286229
013286231
013286829
013286837
013286839
013286846
013286850
013286919
013286928
013286934
013286937
013286940
013286944
013286950
013286962
013286968
013286977
013286981
013286989
013287014
013287016
013287021
013287028
013287031
013287041
013287045
013287052
013287140
013287144
013287146
013287153
013287166
013287172
013287177
013287180
013287186
013287192
013287196
013287204
013287216
013287225
013287229
013287238
013287251
013287257
013287267
013287275
013287282
013287307
013287310
013287365
013287369
013287376
013287384
013287389
013287392
013287400
013287404
013288562
013288568
013288582
013288586
013288588
013288590
013288604
013288612
013288656
013288663
013288671
013288674
013288683
013288691
013288703
013288715
013288723
013288731
013288751
013288772
013288789
013288800
013289195
013289199
013289201
013289207
013289210
013289211
013289214
013289216
013289218
013289220
013289224
013289225
013289228
013289229
013289235
013289240
013289244
013289251
013289257
013289262
013289268
013289319
013289321
013289326
013289328
013289330
013289335
013289339
013289342
013289346
013289350
013289357
013289361
013289366
013289369
013289381
013289383
013289413
013289415
013289436
013289441
013289448
013289452
013289457
013289460
013289465
013289469
013289686
013289697
013289707
013289712
013289887
013289889
013289890
013289891
013289894
013289897
013289899
013289902
013289905
013289907
013289911
013289925
013289927
013289929
013289933
013289935
013289939
013289976
013289978
013289980
013289983
013289986
013292958
013292962
013294483
013294546
013295073
013295080
013295087
013295093
013295099
013295104
013295110
013295116
013295122
013295127
013295131
013295136
013295144
013295149
013295150
013295155
013295158
013295162
013295164
013295169
013295220
013295223
013295228
013295237
013295241
013295247
013295253
013295257
013295261
013295265
013295266
013295269
013295272
013295513
013295516
013295524
013295526
013295529
013295533
013295537
013295542
013295550
013295552
013295557
013295559
013295564
013295566
013295567
013295569
013295571
013295572
013295575
013295584
013295587
013295591
013295594
013295598
013295601
013295606
013295612
013295618
013295621
013295622
013295627
013295629
013295635
013297844
013297845
013297846
013297847
013297848
013297849
013297851
013297853
013297856
013297857
013297860
013297864
013297867
013297872
013297873
013297874
013297876
013297887
013297889
013297890
013298008
013298012
013298073
013298075
013298078
013298081
013298084
013298089
013298094
013298098
013298104
013298110
013298118
013298137
013298142
013298146
013298196
013298200
013298203
013298208
013298213
013298218
013298220
013298222
013298227
013298231
013298239
013298242
013298247
013298248
013298253
013298255
013298550
013298564
013298569
013325282
013327865
013327871
013328014
013328031
013328054
013328069
013328097
013328202
013328212
013328368
013328391
013329666
013341684
013341705
013341843
013344893
013345141
013345497
013351403
013351412
013351420
013369777
013369922
013370113
013370124
013371290
013371346
013372806
013374331
013374336
013374338
013374411
013430608
013430690
013430700
013430717
013430761
013430764
013430774
013430796
013430807
013430830
013430850
013430901
013433293
013433306
013433316
013433343
013434210
013434909
013434996
013435011
013435030
013435052
013435095
013435113
013435127
013436247
013438628
013439971
013439984
013440226
013456056
013457383
013457399
013457690
013458022
013460987
013461297
013461484
013466604
013467343
013467397
013467436
013467447
013473023
013473061
013476265
013476275
013476303
013476316
013476551
013476572
013476608
013476663
013476709
013476719
013476798
013476813
013476834
013476855
013476934
013476952
013476963
013476979
013478491
013482946
013483321
013487375
006944874
015384015
015384306
015386926
015387947
015390487
015440613
015491462
015525205
015525320
015525336
015525367
015525404
015525421
015525435
015525464
015525487
015525494
015525541
013044605
015449792
012970259
012970267
012995900
012996009
012996184
012997962
012998020
013004562
013004581
013009167
013010166
013021019
013027209
013027222
013027229
013027512
013027530
013027542
013027564
013027573
013027589
013027664
013027695
013027714
013027724
013027733
013027746
013027764
013044923
013051846
013108362
013111689
013114309
013114313
013114460
013114538
013114851
013114943
013116252
013117250
013117376
013117407
013117424
013117486
013117532
013117541
013117552
013117629
013126368
013126388
013126398
013126402
013126415
013126437
013138175
013138192
013166471
013167805
013168817
013172522
013172535
013172837
013173247
013173258
013173264
013173272
013173277
013173282
013173290
013173293
013173294
013173312
013173330
013173335
013173340
013173344
013173358
013173370
013173467
013173468
013173482
013173484
013173486
013173499
013173501
013173511
013173512
013173515
013173520
013173528
013173532
013173547
013173607
013177813
013177828
013177908
013183039
013183076
013183083
013183121
013183165
013186698
013186729
013186751
013186770
013186867
013186891
013186902
013187373
013197019
013197068
013198081
013198111
013198279
013198455
013198487
013198591
013204220
013204244
013204251
013204280
013204281
013204287
013208525
013208539
013213298
013222773
013223114
013243728
013289984
013293485
013298097
013344779
013344788
013430785
013433323
013454316
013456991
013457367
013461250
013476766
013477125
013477469
006944794
006944851
006957076
006957094
006957119
006957141
015507668
015604608
015604612
015604618
015604621
015604627
015604631
015604637
015604648
015604657
015604672
015604677
015604687
015604700
015604754
015604759
015604764
015604803
015604817
015604825
015604853
015604974
013457438
013259170
013259244
013259253
013259257
013259294
013259784
013259790
013259827
013259955
013259966
013260004
013260017
013260022
013260243
013260246
013260254
013260261
013260266
013260416
013260425
013260433
013260439
013260446
013262682
013262688
013262725
013262728
013262743
013262760
013263316
013263342
013263353
013263376
013263390
013263475
013263485
013263494
013263497
013263503
013263516
013263535
013263571
013263674
013263676
013263680
013182855
013384644
013384664
013388202
013388305
013388341
013388484
013388975
013388983
013384614
013384731
013388220
