019817382
020002843
020005107
020005108
020005109
020005110
020005111
020005112
020005113
020005114
020005115
020005116
020005117
020005118
020005119
020005120
020005121
020005122
020005123
020005124
020005125
020005126
020005127
020005128
020005129
020005130
020005131
020005132
020005133
020005134
020005135
020005136
020005137
020005138
020011572
020011573
020011574
020011575
020011576
020011577
020011578
020011579
020011580
020011581
020011582
020011583
020011584
020011585
020011586
020011587
020011588
020011589
020011590
020011591
020014837
020014838
020014839
020014840
020022916
020022917
020022918
020022919
020022920
020022921
020022922
020022923
020023066
020023067
020023068
020023069
020023070
020023071
020023072
020023073
020023074
020023075
020023076
020023077
020023078
020023079
020023080
020023081
020023082
020023083
020023084
020023085
020023086
020023087
020023088
020023089
020023090
020023091
020023092
020023093
020023094
020023095
020023096
020023097
020023098
020023099
020023100
020023101
020023102
020023103
020023104
020023105
020023106
020023107
020023108
020023109
020029180
020029182
020029183
020029184
020029185
020029186
020029187
020029188
020029189
020029190
020029191
020029192
020029193
020029194
020029195
020029196
020029197
020029198
020029199
020029200
020029201
020029202
020029203
020029204
020029205
020029206
020029207
020029208
020029209
020029210
020029211
020029212
020029213
020029214
020032771
020036896
020036897
020036898
020036899
020036900
020037314
020037315
020037981
020040039
020055482
020055483
020055484
020055485
020055760
020055761
020055762
020056117
020056118
020056119
020056120
020056121
020056122
020056123
020056124
020057787
020059651
020059652
020059653
020059654
020059655
020059656
020059657
020059658
020059659
020059660
020059853
020059854
020059855
020059856
020059857
020059858
020059859
020059860
020059861
020059862
020060188
020060189
020060190
020060191
020060192
020060193
020060194
020060195
020060196
020060891
020060892
020060893
020060894
020060895
020060896
020060897
020060898
020060899
020060900
020061779
020061780
020061781
020063151
020063152
020064332
020064333
020064334
020064335
020064336
020067017
020067018
020105684
020106077
020106078
020106079
020112208
020112414
020119091
020125152
020125757
020126480
020126747
020126748
020127583
020131039
020131163
020131784
020151934
020152091
020152092
020152093
020152094
020152095
020152096
020153702
020154281
020154282
020155278
020155279
020169040
020169041
020169042
019740392
019785174
019812843
019812844
019816489
019816490
019816491
019816492
019816493
019816494
019816495
019816496
019816497
019816498
019827016
019827017
019827018
019827019
019827020
019827021
019827022
019827023
019827024
019827025
019827026
019827027
019827028
019838869
019838870
019838871
019838872
019838873
019838874
019838875
019838876
019838877
019838878
019838879
019838880
019838881
019838882
019844029
019844030
019844031
019845429
019845430
019845431
019845432
019845433
019845434
019845435
019845436
019845437
019845438
019856457
019856458
019856459
019856460
019856461
019856462
019856463
019863687
019863688
019863689
019863690
019863691
019863692
019863693
019885100
019885101
019885102
019885103
019885104
019885105
019885106
019885107
019885108
019885109
019885110
019885111
019885113
019885114
019885115
019885116
019885117
019885118
019885119
019885120
019885121
019885122
019894273
019894274
019895357
019895358
019895359
019900541
019900542
019900543
019900544
019900545
019901730
019901731
019904437
019904438
019904439
019904440
019905790
019905791
019905792
019905793
019905794
019905795
019905796
019905797
019905798
019925772
019925773
019925774
019925775
019925776
019925777
019925778
019925779
019925780
019926027
019926028
019926029
019926030
019926603
019926604
019931955
019932601
019932602
019932603
019939656
019940328
019940329
019940330
019940331
019940332
019940333
019941584
019941585
019941586
019941587
019941588
019941589
019941590
019941591
019941592
019942605
019942606
019942607
019942608
019943821
019943822
019943823
019943824
019943825
019943826
019943827
019943828
019961697
019962979
019966444
019976020
019976056
019976446
019976447
019976448
019976450
019976451
019976452
019976453
019976454
019976455
019976456
019976457
019976458
019976459
019976460
019976461
019976462
019976463
019976464
019976465
019976466
019976467
019976468
019976469
019976470
019976471
019976472
019976473
019976474
019976475
019976476
019976477
019976478
019976479
019976480
019976481
019976482
019976483
019976484
019976485
019976486
019976487
019976488
019976489
019976490
019976491
019976492
019976493
019976494
019976495
019976496
019976497
019976498
019976499
019976500
019976501
019976502
019976503
019976504
019976505
019976506
019976507
019976508
019976509
019976510
019976511
019976512
019976513
019976514
019985483
019985484
019985485
019985486
019985487
019985488
019985489
019985490
019985491
019985492
019985493
019985494
019985495
019985496
019985497
019985498
019985499
019985500
019985501
019985502
019985503
019985504
019985505
019985506
019985507
019985508
019985509
019985510
019985511
019985512
019985513
019985514
019985515
019985516
019992964
019992965
019992966
019992967
019992968
019992969
019992970
019992971
019993267
019993268
019993269
019993270
019993271
019993809
019993810
019993811
019993812
019993813
019993814
019993815
019993816
019993817
019993818
019993819
019993820
019993821
019993822
019993823
019993824
019993825
019993826
019993827
019993828
019993829
019993830
019993831
019993832
019993833
019993834
019993835
019993836
019993837
019993838
020228881
020253907
020329836
020330272
020330273
020331315
020331444
020336779
020336780
020346811
020352757
020352758
020391286
020416332
020420820
020421676
020421677
020465385
020479776
020479777
020479778
020479779
020485196
020485197
020485198
020485199
020485200
020506015
020507760
020521592
020521593
020521594
020521595
020521596
020521597
020521598
020521599
020521600
020522343
020579418
020580094
017440049
018739574
018739575
018823045
018823046
018823047
018823048
018823049
018823050
018823051
018823052
018823053
018823054
018823055
018823056
018825994
018825995
018825996
018825997
018825998
018825999
018826000
018826001
018826225
018826226
018826227
018826228
018826229
018826230
018826231
018833400
018833401
018833402
018833403
018833404
018833405
018833406
018833407
018833408
018833409
018833410
018833411
018833412
018868415
018896547
018896548
018896549
018896550
018896551
018896552
018896553
018896554
018896555
018896556
018896557
018896558
018896559
018896560
018896561
018896562
018896563
020582168
020582963
020626612
020626613
020626614
020718536
020726377
020726378
020731963
020740472
020740473
020740652
020740653
020753993
020754214
020777270
020809750
020810136
020810137
020810138
020811552
020825243
020825244
020825245
020825246
020825247
020825248
020825249
020825250
020825251
020828402
020828405
020828680
020828681
020977869
020977870
020977872
020977873
020977874
020977875
020977876
020977877
020977878
020977879
020977880
020977881
020977882
020977883
020977884
020977885
020977886
020977887
020977888
020977889
020977890
020977891
020977892
020977893
020977894
020977895
020977896
020977897
020977898
020977899
020977900
020977901
020977902
020977903
020977904
020977905
020977906
020977907
020977908
020977909
020977910
020977911
020977912
020977913
020977914
020977915
020977916
020977917
020977918
020977919
020977920
020977921
020977922
020977923
020977924
020977925
020977926
020977927
020977928
020977929
020977930
020979110
020979111
020979112
020979113
020979114
020979115
020979116
020979117
020979118
020979119
020979120
020979121
020979122
020979123
020979124
020979125
020979126
020979127
020979128
020979129
020979130
020979131
020979132
020979133
020979134
020979135
020979136
020979137
020979138
020979139
020979140
020979141
020979142
020979143
020979144
020979145
020979146
020979147
020979148
020979149
020979150
020979151
020979152
020979153
020979154
020979155
020979156
020979157
020979158
020979159
020979160
020979161
020979162
020979163
020979164
020979165
020979166
020979167
020979168
020979169
020979170
020979171
020979172
020979173
020979174
020979175
020979176
020979177
020979178
020979179
020979180
020979181
020979182
020979183
020979184
020979185
020979186
020979187
020979188
020979189
020979190
020979191
020979192
020979193
020979194
020979195
020979196
020979197
020979198
020979199
020979200
020979201
020979202
020979203
020979204
020979205
020979206
020979207
020979208
020979209
020979210
020979211
020979212
020979213
020979214
020979215
020979216
020979217
020979218
020979219
020979220
020979221
020979222
020979223
020979224
020979225
020979226
020979227
020979228
020979229
020979230
020979231
020979232
020979233
020979234
020979235
020979236
020979237
020979238
020979239
020979240
020979241
020979242
020979243
020979244
020979245
020979246
020979247
020979248
020979249
020979250
020979251
020979252
020979253
020979254
020979255
020979256
020979257
020979258
020979259
020979260
020979261
020979262
020979263
020979264
020979265
020979266
020979267
020979268
020979269
020979270
020979271
020979272
020979273
020979274
020979275
020979276
020979277
020979278
020979279
020979280
020979281
020979282
020979283
020979284
020979285
020979286
020979287
020979288
020979289
020979290
020979291
020979292
020979293
020979294
020979295
020979296
020979297
020979298
020979299
020979300
020979301
020979302
020979303
020979304
020979305
020979306
020979307
020979308
020979309
020979310
020979311
020979312
020979313
020979314
020979315
020979316
020979317
020979318
020979319
020979320
020979321
020979322
020979323
020979324
020979325
020979326
020979327
020979328
020979329
020979330
020979331
020979332
020979333
020979334
020979335
020979336
020979337
020979338
020979339
020979340
020979341
020979342
020979343
020979344
020979345
020979346
020979347
020979348
020979349
020979350
020979351
020979352
020979353
020979354
020979355
020979356
020979357
020979358
020979359
020979360
020979361
020979362
020979363
020979364
020979365
020979366
020979367
020979368
020979369
020979370
020979371
020979372
020979373
020979374
020979375
020979376
020979377
020979378
020979379
020979380
020979381
020979382
020979383
020979384
020979385
020979386
020979387
020979388
020979389
020979390
020979391
020979392
020979393
020979394
020979395
020979396
020979397
020979398
020979399
020979400
020979401
020979402
020979403
020979404
020979405
020979406
020979407
020979408
020979409
020979410
020979411
020979412
020979413
020979414
020979415
020979416
020979417
020979418
020979419
020979420
020979421
020979422
020979423
020979424
020979425
020979426
020979427
020979428
020979429
020979430
020979431
020979432
020979433
020979434
020979435
020979436
020979437
020979438
020979439
020979440
020979441
020979442
020979443
020979444
020979445
020979446
020979447
020979448
020979449
020979450
020979451
020979452
020979453
020979454
020979455
020979456
020979457
020979458
020979459
020979460
020979461
020979462
020979463
020979464
020979465
020979466
020979467
020979468
020979469
020979470
020979471
020979472
020979473
020979474
020979475
020979476
020979477
020979478
020979479
020979480
020979481
020979482
020979483
020979484
020979485
020979486
020979487
020979488
020979489
020979490
020979491
020979492
020979493
020979494
020979495
020979496
020979497
020979498
020979499
020979500
020979501
020979502
020979503
020979504
020979505
020979506
020979507
020979508
020979509
020979510
020979511
020979512
020979513
020979514
020979515
020979516
020979517
020979518
020979519
020979520
020979521
020979522
020979523
020979524
020979525
020979526
020979527
020979528
020979529
020979530
020979531
020979532
020979533
020979534
020979535
020979536
020979537
020979538
020979539
020979540
020979541
020979542
020979543
020979544
020979545
020979546
020979547
020979548
020979549
020979550
020979551
020979552
020979553
020979554
020979555
020979556
020979557
020979558
020979559
020979560
020979561
020979562
020979563
020979564
020979565
020979566
020979567
020979568
020979569
020979570
020979571
020979572
020979573
020979574
020979575
020979576
020979577
020979578
020979579
020979580
020979581
020979582
020979583
020979584
020979585
020979586
020979587
020979588
020979589
020979590
020979591
020979592
020979593
020979594
020979595
020979596
020979597
020979598
020979599
020979600
020979601
020979602
020979603
020979604
020979605
020979606
020979607
020979608
020979609
020979610
020979611
020979612
020979613
020979614
020979615
020979616
020979617
020979618
020979619
020979620
020979621
020979622
020979623
020979624
020979625
020979626
020979627
020979628
020979629
020979630
020979631
020979632
020979633
020979634
020979635
020979636
020979637
020979638
020979639
020979640
020979641
020979642
020979643
020979644
020979645
020979646
020979647
020979648
020979649
020979650
020979651
020979652
020979653
020979654
020979655
020979656
020979657
020979658
020979659
020979660
020979661
020979662
020979663
020979664
020979665
020979666
020979667
020979668
020979669
020979670
020979671
020979672
020979673
020979674
020979675
020979676
020979677
020979678
020979679
020979680
020979681
020979682
020979683
020979684
020979685
020979686
020979687
020979688
020979689
020979690
020979691
020979692
020979693
020979694
020979695
020979696
020979697
020979698
020979699
020979700
020979701
020979702
020979703
020979704
020979705
020979706
020979707
020979708
020979709
020979710
020979711
020979712
020979713
020979714
020979715
020979716
020979717
020979718
020979719
020979720
020979721
020979722
020979723
020979724
020979725
020979726
020979727
020979728
020979729
020979730
020979731
020979732
020979733
020979734
020979735
020979736
020979737
020979738
020979739
020979740
020979741
020979742
020979743
020979744
020979745
020979746
020979747
020979748
020979749
020979750
020979751
020979752
020979753
020979754
020979755
020979756
020979757
020979758
020979759
020979760
020979761
020979762
020979763
020979764
020979765
020979766
020979767
020979768
020979769
020979770
020979771
020979772
020979773
020979774
020979775
020979776
020979777
020979778
020979779
020979780
020979781
020979782
020979783
020979784
020979785
020979786
020979787
020979788
020979789
020979790
020979791
020979792
020979793
020979794
020979795
020979796
020979797
020979798
020979799
020979800
020979801
020979802
020979803
020979804
020979805
020979806
020979807
021134970
021135024
021163052
021163053
021163054
021163055
021163056
021163057
021163058
021163059
021163060
021163061
021163062
021181279
021220023
021236881
021246937
021246938
021246939
021246940
021246941
021246942
021246943
021246944
021246945
021246946
021246947
021246948
021246949
021246950
021246951
021246952
021246953
021246954
021246955
021246956
021246957
021246958
021246959
021246960
021246961
021246962
021246963
021246964
021246965
021246966
021246967
021246968
021246969
021246970
021246971
021246972
021246973
021246974
021246975
021246976
021246977
021246978
021246979
021246980
021246981
021246982
021246983
021246984
021246985
021246986
021246987
021246988
021246989
021246990
021246993
021246994
021246995
021246997
021247056
021247057
021247058
021247059
021247060
021247061
021247062
021247063
021247064
021247065
021247066
021247067
021247068
021247078
021247079
021247087
021247088
021247089
021247096
021247097
021247098
021247099
021247100
021248222
021248223
021249528
021249529
021249530
020978125
020978126
020978127
020978128
020978129
020978130
020978131
020978132
020978133
020978134
020978135
020978136
020978137
020978138
020978139
020978140
020978141
020978142
020978143
020978144
020978145
020978146
020978147
020978148
020978149
020978150
020978151
020978152
020978153
020978154
020978155
020978156
020978157
020978158
020978159
020978160
020978161
020978162
020978163
020978164
020978165
020978166
020978167
020978168
020978169
020978170
020978171
020978172
020978173
020978174
020978175
020978176
020978177
020978178
020978179
020978180
020978181
020978182
020978183
020978184
020978185
020978186
020978187
020978188
020978189
020978190
020978191
020978192
020978193
020978194
020978195
020978196
020978197
020978198
020978199
020978200
020978201
020978202
020978203
020978204
020978205
020978206
020978207
020978208
020978209
020978210
020978211
020978212
020978213
020978214
020978215
020978216
020978217
020978218
020978219
020978220
020978221
020978222
020978223
020978224
020978225
020978226
020978227
020978228
020978229
020978230
020978231
020978232
020978233
020978234
020978235
020978236
020978237
020978238
020978239
020978240
020978241
020978242
020978243
020978244
020978245
020978246
020978247
020978248
020978249
020978250
020978251
020978252
020978253
020978254
020978255
020978256
020978257
020978258
020978259
020978260
020978261
020978262
020978263
020978264
020978265
020978266
020978267
020978268
020978269
020978270
020978271
020978272
020978273
020978274
020978275
020978276
020978277
020978278
020978279
020978280
020978281
020978282
020978283
020978284
020978285
020978286
020978287
020978288
020978289
020978290
020978291
020978292
020978293
020978294
020978295
020978296
020978297
020978298
020978299
020978300
020978301
020978302
020978303
020978304
020978305
020978306
020978307
020978308
020978309
020978310
020978311
020978312
020978313
020978314
020978315
020978316
020978317
020978318
020978319
020978320
020978321
020978322
020978323
020978324
020978325
020978326
020978327
020978328
020978329
020978330
020978331
020978332
020978333
020978334
020978335
020978336
020978337
020978338
020978339
020978340
020978341
020978342
020978343
020978344
020978345
020978346
020978347
020978348
020978349
020978350
020978351
020978352
020978353
020978354
020978355
020978356
020978357
020978358
020978359
020978360
020978361
020978362
020978363
020978364
020978365
020978366
020978367
020978368
020978369
020978370
020978371
020978372
020978373
020978374
020978375
020978376
020978377
020978378
020978379
020978380
020978381
020978382
020978383
020978384
020978385
020978386
020978387
020978388
020978389
020978390
020978391
020978392
020978393
020978394
020978395
020978396
020978397
020978398
020978399
020978400
020978401
020978402
020978403
020978404
020978405
020978406
020978407
020978408
020978409
020978410
020978411
020978412
020978413
020978414
020978415
020978416
020978417
020978418
020978419
020978420
020978421
020978422
020978423
020978424
020978425
020978426
020978427
020978428
020978430
020979808
020979809
020979810
020979811
020979812
020979813
020979814
020979815
020979816
020979817
020979818
020979819
020979820
019613480
019613482
019613483
019613484
019613485
019613486
019613487
019613488
019613490
019613491
019615357
019615358
019615359
019621243
019621244
019621245
019621246
019621247
019621248
019621249
019621251
019621252
019621253
019621254
019628387
019628388
019628389
019628390
019628391
020055763
018555604
018555605
018640914
018640915
018640916
018640917
018640918
018640919
018640920
018640921
018640922
018640923
018640924
018640925
018640926
018640927
018640928
018640929
018640930
018640931
018640932
018640933
018640934
018640935
018640936
018640937
018640938
018640939
018640940
018640941
018640942
018640943
018640944
018640945
018640947
018640948
018640949
018640950
018640951
018640952
018640954
018640955
018640956
018640957
018640960
018640961
018640962
018640963
018640964
018640965
018640966
018640967
018640968
018640970
018640971
018640972
018640973
018640974
018640975
018640976
018640977
018640978
018640979
018640980
018640981
018640982
018640983
018640984
018640985
018640986
018640987
018640988
018640989
018640990
018640991
018640992
018640993
018640994
018640995
018640996
018640997
018640998
018640999
018641000
018649362
018656441
018656442
018656443
019607281
019609105
019609106
019613481
019613489
019613492
019621241
019621242
019621250
018640946
018640953
018640958
018640959
018640969
019885112
019931954
018622150
018622151
019763444
019770392
019770393
019770394
019770395
019770396
019770397
019771022
019771023
019771024
019771025
019771182
019771183
019771184
019771185
019771186
019771187
019771188
019771189
019771190
019771191
019771192
019771338
019771339
019771340
019771341
019771342
019783191
019783192
019783193
019783194
019783195
019788123
019788124
019789277
019809702
019885123
018726960
018726961
018726962
018726963
018737062
018737063
018737064
018737065
018737066
018737067
018737068
018737069
018737070
018737071
018737072
018737073
018737074
018737075
018737076
018737077
018737078
018737079
018737080
018737081
018737082
018737083
018737084
018737085
018737086
018737087
018737088
018737089
018737090
018737091
018737092
018737093
018737094
018737095
018737096
018737097
018738040
018738041
018738042
018738043
018738044
018738045
018738046
018738047
018738048
018738049
018738050
018738051
018738052
018738053
018738054
018738055
018738056
018738058
018738059
018738060
018738061
019030078
020977931
020977932
020977933
020977934
020977935
020977936
020977937
020977938
020977939
020977940
020977941
020977942
020977943
020977944
020977945
020977946
020977947
020977948
020977949
020977950
020977951
020977952
020977953
020977954
020977955
020977956
020977957
020977958
020977959
020977960
020977961
020977962
020977963
020977964
020977965
020977966
020977967
020977968
020977969
020977970
020977971
020977972
020977973
020977974
020977975
020977976
020977977
020977978
020977979
020977980
020977981
020977982
020977983
020977984
020977985
020977986
020977987
020977988
020977989
020977990
020977991
020977992
020977993
020977994
020977995
020977996
020977997
020977998
020977999
020978000
020978001
020978002
020978003
020978004
020978005
020978006
020978007
020978008
020978009
020978010
020978011
020978012
020978013
020978014
020978015
020978016
020978017
020978018
020978019
020978020
020978021
020978022
020978023
020978024
020978025
020978026
020978027
020978028
020978029
020978030
020978031
020978032
020978033
020978034
020978035
020978036
020978037
020978038
020978039
020978040
020978041
020978042
020978043
020978044
020978045
020978046
020978047
020978048
020978049
020978050
020978051
020978052
020978053
020978054
020978055
020978056
020978057
020978058
020978059
020978060
020978061
020978062
020978063
020978064
020978065
020978066
020978067
020978068
020978069
020978070
020978071
020978072
020978073
020978074
020978075
020978076
020978077
020978078
020978079
020978080
020978081
020978082
020978083
020978084
020978085
020978086
020978087
020978088
020978089
020978090
020978091
020978092
020978093
020978094
020978095
020978096
020978097
020978098
020978099
020978100
020978101
020978102
020978103
020978104
020978105
020978106
020978107
020978108
020978109
020978110
020978111
020978112
020978113
020978114
020978115
020978116
020978117
020978118
020978119
020978120
020978121
020978122
020002844
020005139
020029215
020030925
020030926
020030927
020030928
020030929
020031830
020031831
020031832
020031833
020031834
020031835
020031836
020031837
020032048
020032049
020032050
020032051
020039338
020039568
020040040
020040041
020043625
020043626
020044231
020044951
020045776
020046368
020046369
020046468
020046706
020046707
020049758
020049759
020049760
020049761
020049762
020049763
020049764
020049765
020049766
020049767
020049768
020049769
020049770
020049771
020049772
020049773
020049774
020049775
020049776
020049777
020049778
020055764
020056125
020056126
020056127
020056128
020056129
020057957
020058529
020058530
020058531
020059231
020059232
020059233
020059234
020059235
020059236
020059237
020059238
020059239
020059240
020059241
020059242
020059243
020059244
020059245
020059246
020059247
020059248
020059661
020059662
020059663
020059664
020059665
020059666
020059667
020059668
020059669
020063153
020063154
020063155
020063156
020063157
020063158
020063159
020063160
020063161
020063162
020063163
020088178
020125758
020161923
020167216
020169043
018553689
018553690
018553691
018553692
018553693
018553694
018553695
018553696
018553697
018553698
018553699
018553700
018553701
018553702
018553703
018553704
018553705
018553706
018553707
018553708
018553709
018553710
018584023
018584024
018584025
018584026
018584027
018584029
018584030
018584031
018584032
018584033
018584546
018584548
018584550
018584551
018584552
018584553
018586238
018586239
018586240
018586241
018586242
018586243
018586244
018586245
018586246
018586247
018586248
018586249
018586250
018586251
018595508
018595509
018595510
018595511
018595512
018596906
018610020
018610838
018610839
018610840
018610841
018611542
018611543
018611544
018611545
018611546
018611547
018611548
018611549
018611550
018611551
018611552
018611553
018611554
018612695
018612696
018612697
018612698
018612699
018612700
018612701
018612702
018612703
018612704
018612705
018612706
018612707
018612708
018612709
018612710
018612711
018612712
018612713
018612714
018612715
018612716
018612717
018612718
018612719
018612720
018612721
018612722
018612723
018612724
018617842
018617843
018647046
018647047
018647048
018647049
018647050
018647051
018647052
018647053
018647054
018647055
018647056
018647057
018647058
018647059
018647060
018647061
018647062
018647063
018647064
018647065
018647066
018647067
018647068
018647069
018647070
018647071
018647072
018647073
018647074
018647075
018647076
018647077
018647078
018647079
018647080
018647081
018647082
018647083
018647084
018647085
018647086
018647087
018647519
018647520
018647521
018647522
018647523
018647524
018647525
018647526
018647527
018647528
018647529
018647530
018647531
018647532
018647533
018647534
018649363
018649364
018649365
018649366
018649367
018649368
018649369
018649370
018649371
018649372
018649373
018649374
018649375
018649376
018649377
018649378
018649379
018649380
018649381
018649382
018649383
018649384
018649385
018649386
018649387
018649388
018649389
018649390
018649391
018649628
018649629
018649630
018649631
018649632
018649633
018649634
019712529
019712530
019722971
019722972
019722973
019727278
019727279
019727280
019727281
019729230
019729231
019729232
019729933
019789278
019804304
019804305
019809112
019850893
019850894
019852461
019852462
019885124
019940334
019940335
019940336
019940337
019940338
019940339
019940340
019940341
019940342
019940343
019950850
019950851
019950852
019951516
019952619
019952620
019953831
019954776
019955429
019957391
019957392
019957393
019961698
019961699
019961700
019961701
019961702
019961703
019966445
019967119
019968588
019968589
019968805
019969381
019973931
019976057
019976449
019985517
019985518
019985519
019985520
019985521
019985522
019985523
019985524
019985525
019985526
019992038
019992039
019992040
019992390
019992391
019992973
019992974
019992975
019992976
019992977
019992978
019992979
019992980
019992981
019993272
019993273
019993274
019993275
019993276
019993277
019993278
019993279
019993280
019993281
019993282
020229243
020263175
020329837
020338358
020338359
020338360
020373413
020485201
020485202
020485203
020485204
020485205
020485206
020485207
020485208
020485209
020485210
020485211
020485212
020485213
020485214
020485215
020522085
020522086
020522087
020524792
020579298
018687453
018687454
018687455
018687456
018687457
018687458
018687459
018687460
018687461
018687462
018687463
018687464
018687465
018687466
018687467
018687468
018687469
018687470
018687471
018687472
018687473
018687474
018687475
018687476
018687477
018687478
018687479
018687480
018687481
018687482
018687483
018687484
018687485
018687486
018687487
018687488
018687489
018687490
018687491
018687492
018687493
018687494
018687495
018687496
018687497
018687498
018687499
018687500
018687501
018687502
018687503
018687504
018687505
018687506
018687507
018687508
018687509
018687510
018687511
018687512
018687513
018687514
018687515
018687516
018687517
018687518
018687519
018687520
018687521
018687522
018687523
018687524
018687525
018687526
018687527
018687528
018687529
018687530
018687531
018687532
018687533
018687534
018687535
018687536
018687537
018687538
018687539
018687540
018687541
018687542
018687543
018687544
018687545
018687546
018687547
018739577
018739578
018759129
018761239
018761240
018761241
018761242
018761243
018761244
018761245
018761246
018761247
018761248
018761249
018761250
018761251
018761252
018761253
018761255
018761256
018761257
018761258
018761259
018761260
018761261
018761262
018761263
018761264
018761265
018761266
018761267
018761268
018761269
018761270
018761271
018761272
018761273
018761274
018761275
018762566
018762567
018762568
018762569
018762570
018762571
018762572
018762573
018762574
018762575
018762576
018762577
018762578
018762579
018762580
018762581
018762582
018762583
018762584
018762585
018762586
018762587
018762588
018762589
018762590
018762591
018762592
018762593
018762594
018762595
018762596
018762597
018762598
018762599
018762600
018762601
018762602
018762603
018762604
018762605
018762606
018762607
018762608
018762609
018762610
018762611
018762612
018762613
018762614
018762615
018762616
018762617
018762618
018762619
018762620
018762621
018762622
018764232
018765935
018778825
018808311
018808312
018808313
018808314
018808315
018808316
018808795
018808796
018808797
018808798
018808799
018808800
018809327
018809328
018809329
018809330
018809331
018809332
018809333
018809334
018810077
018810078
018815353
018815356
018815357
018815358
018815359
018822390
018826232
018826233
018826234
018826235
018826236
018826237
018826238
018826239
018826240
018826241
018826242
018826243
018826244
018826245
018826246
018826247
018826248
018826249
018826250
018826251
018826252
018833413
018833414
018840066
018847860
018858340
018858342
018868416
018880163
018880164
018880165
018880166
018880167
018880168
018880169
018880170
018880171
018880352
018880353
018880354
018880355
018880356
018880357
018880358
018880359
018880360
018880361
018880362
018882630
018882631
018882632
018882633
018882634
018882635
018882636
018883237
018886279
018896564
018896565
018896566
018896567
018896568
018896569
018900636
018900637
018900638
018900639
018900640
018900641
018903110
018903111
018903112
018903113
018903114
018903115
018903116
018903117
018903118
018903119
018903120
018903121
018905280
018905281
018905282
018905283
018905284
018905285
018911005
018911006
018911473
018911474
018911475
018911476
018911477
018911478
018911479
018911480
018911481
018911482
018911483
018911484
018911485
018940071
018940880
019016947
019016948
019016949
019016950
019016951
019016952
019016953
019020837
019030079
019030080
019030081
019030082
019030083
019030084
019030085
019030086
019030087
019030088
019030089
019030090
019030091
019030092
019030093
019030094
019030095
019030096
019030097
019030098
019033729
019051142
019051143
019051144
019051145
019081785
019081786
019081787
019081788
019081789
019081790
019081791
019081792
019096263
019096264
019096265
019096266
019096267
019096268
019096269
019096270
019096271
019096272
019096273
019096274
019096275
019096276
019096277
019096278
019096279
019096280
019096281
019096282
019096283
019096284
019096285
019096286
019096287
019096288
019096289
019096290
019096291
019096292
019096293
019096294
019113200
019113201
019113202
019113203
019118871
019118872
019118873
019118874
019118875
019118876
019118877
019118878
019118879
019118880
019118881
019118882
019118883
019118884
019118885
019118886
019118887
019118888
019118889
019118890
019118891
019118892
019118893
019118894
019118895
019118896
019118897
019118898
019118899
019118900
019118901
019118902
019118903
019118904
019118905
019118906
019118907
019124921
019124922
019124923
019124924
019124925
019124926
019124927
019124928
019134984
019134985
019134986
019134987
019134988
019134989
019135452
019135453
019135454
019135455
019135456
019135457
019135458
019135459
019135460
019135461
019135462
019135463
019135464
019135465
019135466
019135467
019135468
019135469
019137282
019137283
019137284
019137285
019137286
019137287
019137288
019137289
019137290
019137291
019147830
019147831
019147832
019147833
019147834
019147835
019165885
019165886
019165887
019165888
019165889
019165890
019165891
019165892
019165893
019165894
019165895
019165896
019165897
019165898
019165899
019165900
019165901
019165902
019165903
019165904
019165905
019165906
019165907
019165908
019165909
019165910
019165912
019165913
019165914
019165915
019165916
019168638
019168639
019168640
019168641
019168642
019168643
019168644
019168645
019168646
019168647
019168648
019168649
019168650
019168651
019168652
019168653
019168654
019168655
019168656
019168657
019168658
019168659
019168660
019168661
019168662
019168664
019168665
019168666
019168667
019168668
019168669
019168670
019168671
019168672
019168673
019168674
019168675
019168676
019168677
019168678
019168679
019187309
019187310
019187311
019187312
019187313
019187314
019187315
019187316
019187317
019187318
019187319
019187320
019187321
019187322
019187323
019187324
019187325
019187326
019187327
019187328
019187329
019187330
019187331
019187332
019187333
019187334
019187335
019187336
019187337
019187338
019187339
019187340
019187341
019187342
019187343
019187344
019187345
019187346
019187347
019187348
019187349
019188004
019188005
019188006
019204714
019204715
019204716
019204717
019204718
019204719
019204720
019204721
019204722
019204723
019204724
019204725
019204726
019204727
019208706
019208707
019208708
019208709
019208710
019208711
019213348
019213349
019213350
019213351
019213352
019213353
019213354
019229496
019229497
019229498
019229499
019229500
019229501
019229502
019229503
019229504
019229505
019229506
019229507
019229508
019229509
019229510
019229511
019229512
019229513
019229515
019229516
019229517
019229518
019229519
019229520
019229521
019229522
019229523
019229524
019229525
019229526
019229527
019229528
019229529
019229530
019229531
019229532
019229533
019229534
019229535
019229536
019229537
019229538
019229539
019229540
019229541
019229542
019229543
019229544
019229545
019229546
019229547
019229548
019229549
019229550
019229551
019229552
019229553
019229554
019229555
019229556
019229557
019229558
019229559
019232995
019232996
019232997
019232998
019232999
019233000
019233001
019233002
019233003
019247845
019247846
019248788
019248789
019253681
019253682
019253683
019253684
019253685
019253686
019253687
019253688
019253689
019253690
019253691
019253692
019253693
019253694
019253695
019253696
019253697
019253698
019253699
019253700
019253701
019253702
019253703
019253704
019253705
019253706
019253707
019253708
019255460
019264854
019264855
019264856
019264857
019270446
019270447
019270448
019270449
019270450
019270451
019270452
019272077
019272078
019287459
019287460
019287461
019287462
019287463
019287464
019287465
019287466
019287467
019287468
019287469
019287470
019287471
019287472
019287473
019287474
019287475
019287476
019287477
019287478
019287479
019287480
019287481
019287482
019312065
019313680
019313681
019313682
019313683
019313684
019313685
019313686
019313687
019313688
019313689
019313690
019313691
019313692
019313693
019313694
019313695
019313696
019313697
019313698
019313699
019313700
019330369
019330370
019330371
019330372
019330373
019330374
019330375
019330376
019330377
019330378
019330379
019330380
019330381
019330382
019330383
019330384
019330385
019330386
019330387
019330388
019330389
019330390
019330391
019330392
019330393
019330394
019330395
019330396
019330397
019330398
019330399
019330400
019330401
019330402
019377147
019420397
019420398
019420399
019420400
019420401
019420402
019420403
019420404
019420405
019420406
019420407
019420408
019420409
019420410
019420411
019420412
019420413
019420414
019420415
019420416
019420417
019420418
019420419
019420420
019420421
019431183
019431184
019438999
019439000
019439001
019439002
019439003
019439004
019439005
019439006
019439007
019439008
019439009
019439010
019439011
019439012
019439013
019439014
019439015
019439016
019446754
019446755
019446756
019460714
019460715
019460716
019460717
019460718
019460719
019460720
019460721
019460722
019460723
019462060
019485570
019490740
019490741
019490742
019490743
019490744
019490745
019490746
019490747
019490748
019490749
019490750
019490751
019490752
019490753
019490754
019490755
019490756
019490757
019490758
019490759
019490760
019490761
019490762
019490763
019490764
019490765
019490766
019490767
019490768
019490769
019490770
019490771
019490772
019490773
019490774
019490775
019490776
019490777
019490778
019490779
019490780
019490781
019490782
019490783
019490784
019490785
019490786
019490787
019490788
019490789
019490790
019490791
019490792
019500918
019502152
019502153
019502154
019502155
019502156
019502157
019502158
019505279
019505280
019505281
019505282
019505283
019505284
019505285
019505286
019505287
019505288
019505289
019505290
019505291
019508400
019508401
019508402
019508403
019508404
019508405
019508406
019508407
019508408
019508409
019508410
019508411
019508412
019508413
019508414
019508415
019508416
019508417
019508418
019508419
019508420
019508421
019508422
019508423
019508424
019508425
019508426
019508427
019508428
019508429
019508430
019508431
019508432
019508433
019508434
019508435
019508436
019508437
019508438
019508439
019508440
019508441
019508442
019508443
019508444
019508445
019508446
019508447
019508448
019508449
019508450
019508451
019508452
019508453
019508454
019508455
019508456
019508457
019508458
019508459
019508460
019508461
019509381
019509382
019509383
019515363
019515364
019517239
019522153
019522154
019522155
019522156
019522157
019522158
019522159
019522160
019522161
019522162
019524276
019524277
019524278
019524279
019524280
019524281
019524282
019524283
019524284
019524285
019524286
019524287
019524288
019524289
019524290
019524291
019524292
019524293
019524294
019524295
019524296
019524297
019524298
019524299
019524300
019524301
019524302
019524303
019524304
019524305
019524306
019524307
019524308
019524309
019524310
019524311
019524312
019524313
019524314
019524315
019524316
019524317
019524318
019524319
019524320
019524321
019524322
019524323
019524324
019524325
019524326
019524327
019524328
019524329
019524330
019524331
019524332
019524333
019524334
019524335
019524336
019524337
019524338
019524339
019524340
019524341
019524342
019524343
019524344
019524345
019524346
019524347
019524348
019524349
019524350
019524351
019524352
019524353
019524354
019524355
019524356
019524357
019524358
019524359
019524360
019524361
019524362
019524363
019524364
019524365
019524366
019524367
019524368
019524369
019524370
019524371
019524372
019524373
019524374
019524375
019524376
019524377
019524378
019524379
019524380
019524381
019524382
019524383
019524384
019524385
019524386
019524387
019524388
019524389
019524390
019524391
019524392
019524393
019524394
019527723
019527724
019527725
019527726
019527727
019527728
019527729
019527730
019527731
019529178
019529179
019529180
019529181
019529182
019529183
019529184
019529185
019529186
019529187
019529188
019529189
019529190
019529191
019529192
019529193
019529194
019529195
019529196
019529197
019529198
019529199
019542190
019548176
019548177
019548178
019548179
019548180
019548181
019548182
019548183
019548184
019548185
019548186
019548187
019548188
019548189
019548190
019548191
019548192
019548193
019548194
019548195
019555320
019571318
019571319
019571320
019573773
019573774
019573775
019573776
019573777
019573778
019573779
019573780
019573781
019573782
019573783
019573784
019579189
019579190
019579191
019579192
019579193
019579194
019579195
019579196
019579197
019606638
019606639
019607282
019607283
019607284
019607285
019607286
019607287
019607288
019607289
019607290
019607291
019607292
019607293
019607294
019607295
019607296
019607297
019607298
019607299
019607300
019607301
019607302
019607303
019607304
019607305
019607306
019607307
019607308
019607309
019607310
019607311
019607312
019607313
019607314
019607315
019607316
019607317
019607318
019607319
019607320
019607321
019607322
019607323
019607324
019607325
019607326
019607327
019607328
019607329
019607330
019607331
019607332
019607333
019607334
019607335
019607336
019607337
019607338
019607339
019607340
019607341
019607342
019607343
019607344
019607345
019607346
019607347
019607348
019607349
019607350
019607351
019607352
019607353
019607354
019607355
019607356
019607357
019607358
019607359
019607360
019607361
019607362
019607363
019607364
019607365
019607366
019607367
019607368
019607369
019607370
019607371
019607372
019607373
019607374
019607375
019607376
019607377
019607378
019607379
019607380
019607381
019607382
019607383
019607384
019607385
019607386
019607387
019607388
019607389
019607390
019607391
019607392
019607393
019607394
019607395
019607396
019607397
019607398
019607399
019607400
019607401
019607402
019607403
019607404
019607405
019607406
019607407
019607408
019607409
019607410
019607411
019607412
019607413
019607414
019607415
019607416
019697780
019697781
019697782
019697783
019708405
019708406
019708407
020777271
020780881
020781297
020781298
020781299
020781300
020781301
020797695
020798948
020799737
020799738
020804019
020804020
020815304
020828403
020828404
020953675
020977871
020978123
020978429
020978431
020978432
020978433
020978434
020978435
020978436
020978437
020978438
020978439
020978440
020978441
020978442
020978443
020978444
020978445
020978446
020978447
020978448
020978449
020978450
020978451
020978452
020978453
020978454
020978455
020978456
020978457
020978458
020978459
020978460
020978461
020978462
020978463
020978464
020978465
020978466
020978467
020978468
020978469
020978470
020978471
020978472
020978473
020978474
020978475
020978476
020978477
020978478
020978479
020978480
020978481
020978482
020978483
020978484
020978485
020978486
020978487
020978488
020978489
020978490
020978491
020978492
020978493
020978494
020978495
020978496
020978497
020978498
020978499
020978500
020978501
020978502
020978503
020978504
020978505
020978506
020978507
020978508
020978509
020978510
020978511
020978512
020978513
020978514
020978515
020978516
020978517
020978518
020978519
020978520
020978521
020978522
020978523
020978524
020978525
020978526
020978527
020978528
020978529
020978530
020978531
020978532
020978533
020978534
020978535
020978536
020978537
020978538
020978539
020978540
020978541
020978542
020978543
020978544
020978545
020978546
020978547
020978548
020978549
020978550
020978551
020978552
020978553
020978554
020978555
020978556
020978557
020978558
020978559
020978560
020978561
020978562
020978563
020978564
020978565
020978566
020978567
020978568
020978569
020978570
020978571
020978572
020978573
020978574
020978575
020978576
020978577
020978578
020978579
020978580
020978581
020978582
020978583
020978584
020978585
020978586
020978587
020978588
020978589
020978590
020978591
020978592
020978593
020978594
020978595
020978596
020978597
020978598
020978599
020978600
020978601
020978602
020978603
020978604
020978605
020978606
020978607
020978608
020978609
020978610
020978611
020978612
020978613
020978614
020978615
020978616
020978617
020978618
020978619
020978620
020978621
020978622
020978623
020978624
020978625
020978626
020978627
020978628
020978629
020978630
020978631
020978632
020978633
020978634
020978635
020978636
020978637
020978638
020978639
020978640
020978641
020978642
020978643
020978644
020978645
020978646
020978647
020978648
020978649
020978650
020978651
020978652
020978653
020978654
020978655
020978656
020978657
020978658
020978659
020978660
020978661
020978662
020978663
020978664
020978665
020978666
020978667
020978668
020978669
020978670
020978671
020978672
020978673
020978674
020978675
020978676
020978677
020978678
020978679
020978680
020978681
020978682
020978683
020978684
020978685
020978686
020978687
020978688
020978689
020978690
020978691
020978692
020978693
020978694
020978695
020978696
020978697
020978698
020978699
020978700
020978701
020978702
020978703
020978704
020978705
020978706
020978707
020978708
020978709
020978710
020978711
020978712
020978713
020978714
020978715
020978716
020978717
020978718
020978719
020978720
020978721
020978722
020978723
020978724
020978725
020978726
020978727
020978728
020978729
020978730
020978731
020978732
020978733
020978734
020978735
020978736
020978737
020978738
020978739
020978740
020978741
020978742
020978743
020978744
020978745
020978746
020978747
020978748
020978749
020978750
020978751
020978752
020978753
020978754
020978755
020978756
020978757
020978758
020978759
020978760
020978761
020978762
020978763
020978764
020978765
020978766
020978767
020978768
020978769
020978770
020978771
020978772
020978773
020978774
020978775
020978776
020978777
020978778
020978779
020978780
020978781
020978782
020978783
020978784
020978785
020978786
020978787
020978788
020978789
020978790
020978791
020978792
020978793
020978794
020978795
020978796
020978797
020978798
020978799
020978800
020978801
020978802
020978803
020978804
020978805
020978806
020978807
020978808
020978809
020978810
020978811
020978812
020978813
020978814
020978815
020978816
020978817
020978818
020978819
020978820
020978821
020978822
020978823
020978824
020978825
020978826
020978827
020978828
020978829
020978830
020978831
020978832
020978833
020978834
020978835
020978836
020978837
020978838
020978839
020978840
020978841
020978842
020978843
020978844
020978845
020978846
020978847
020978848
020978849
020978850
020978851
020978852
020978853
020978854
020978855
020978856
020978857
020978858
020978859
020978860
020978861
020978862
020978863
020978864
020978865
020978866
020978867
020978868
020978869
020978870
020978871
020978872
020978873
020978874
020978875
021181280
021246991
021246992
021247069
021247070
021247071
021247072
021247073
021247074
021247075
021247076
021247077
021247086
021247090
021247091
021247092
021247093
021247094
021247095
021247101
021247102
021248171
021248172
021248189
021248190
021248191
021248192
021248193
021248194
021248195
021248196
021248197
021248198
021248199
021248200
021248201
021248202
021248203
021248204
021248205
021248206
021248207
021248208
021248209
021248210
021248211
021248214
019729932
019740393
019992972
018847846
018847847
018847848
018847849
018847850
018847851
018847852
018847853
018847854
018847855
018847856
018847857
018847858
018847859
018894766
018896546
018918410
019247844
019370288
019370289
019370290
019403250
019410803
019410804
019420394
019420395
019420396
019440690
019490739
018394339
018405081
018414197
018414198
018414199
018414200
018414201
018477968
018477970
018477971
018477972
018477973
018477974
018477975
018500669
018500670
018500671
018500672
018500673
018500674
018500675
020978876
020978877
020978878
020978879
020978880
020978881
020978882
020978883
020978884
020978885
020978886
020978887
020978888
020978889
020978890
020978891
020978892
020978893
020978894
020978895
020978896
020978897
020978898
020978899
020978900
020978901
020978902
020978903
020978904
020978905
020978906
020978907
020978908
020978909
020978910
020978911
020978912
020978913
020978914
020978915
020978916
020978917
020978918
020978919
020978920
020978921
020978922
020978923
020978924
020978925
020978926
020978927
020978928
020978929
020978930
020978931
020978932
020978933
020978934
020978935
020978936
020978937
020978938
020978939
020978940
020978941
020978942
020978943
020978944
020978945
020978946
020978947
020978948
020978949
020978950
020978951
020978952
020978953
020978954
020978955
020978956
020978957
020978958
020978959
020978960
020978961
020978962
020978963
020978964
020978965
020978966
020978967
020978968
020978969
020978970
020978971
020978972
020978973
020978974
020978975
020978976
020978977
020978978
020978979
020978980
020978981
020978982
020978983
020978984
020978985
020978986
020978987
020978988
020978989
020978990
020978991
020978992
020978993
020978994
020978995
020978996
020978997
020978998
020978999
020979000
020979001
020979002
020979003
020979004
020979005
020979006
020979007
020979008
020979009
020979010
020979011
020979012
020979013
020979014
020979015
020979016
020979017
020979018
020979019
020979020
020979021
020979022
020979023
020979024
020979025
020979026
020979027
020979028
020979029
020979030
020979031
020979032
020979033
020979034
020979035
020979036
020979037
020979038
020979039
020979040
020979041
020979042
020979043
020979044
020979045
020979046
020979047
020979048
020979049
020979050
020979051
020979052
020979053
020979054
020979055
020979056
020979057
020979058
020979059
020979060
020979061
020979062
020979063
020979064
020979065
020979066
020979067
020979068
020979069
020979070
020979071
020979072
020979073
020979074
020979075
020979076
020979077
020979078
020979079
020979080
020979081
020979082
020979083
020979084
020979085
020979086
020979087
020979088
020979089
020979090
020979091
020979092
020979093
020979094
020979095
020979096
020979097
020979098
020979099
020979100
020979101
020979102
020979103
020979104
020979105
020979106
020979107
020979108
020979109
