015907734
015908466
015908934
015909301
015909332
015909370
015909672
015909856
015909888
015909940
015909947
015909996
015910333
015910341
015910392
015910469
015910473
015910573
015910861
015910908
015910926
015910969
015910972
015911146
015911668
015911898
015912627
015912630
015912639
015912641
015912652
015912729
015912739
015912741
015912750
015912753
015912756
015912761
015912764
015912838
015912840
015912971
015912980
015913010
015913055
015913166
015913169
015913171
015913183
015913250
015913253
015913893
015914234
015914372
015914388
015914389
015914390
015914391
015914806
015914807
015914809
015914810
015914811
015914812
015914814
015914956
015915031
015915070
015915094
015915097
015915856
015915920
015915927
015916046
015916059
015916066
015916071
015916077
015916527
015916739
015916745
015916924
015916952
015916959
015916960
015916961
015916962
015916963
015917032
015917249
015917308
015917605
015917637
015917638
015917639
015917640
015917641
015917644
015917733
015917752
015917935
015917937
015918236
015918355
015918670
015918799
015918815
015918816
015918903
015918907
015919079
015919100
015919189
015919602
015920258
015920729
015920913
015920914
015922333
015922385
015922681
015925548
015926044
015927108
015930117
015930882
015930927
015931722
015936854
015939006
015939551
015941290
015941761
015942370
015942468
015943470
015943816
015943993
015944143
015945539
015945551
