019709176
019709248
019709283
019709300
019709331
019709338
019727481
019727504
019727526
019727548
019727613
019727645
019727681
019727690
019727696
019996226
019996258
020512692
020566937
020566944
020566957
020566965
020566971
020566981
020566986
020566990
020566995
019623032
019623050
019623064
019623107
019626120
019631770
019631809
019631914
019631937
019631976
019631977
019631982
019631984
019632551
019632641
019641462
019641487
019641494
019641515
019641549
019641576
019641582
019641594
019641598
019641600
019641606
019669001
019669037
019669044
019669053
019669056
019669797
019669890
019669944
019669949
019669953
019669959
019669968
019669973
019670000
019670009
019670014
019672561
019672576
019672592
019672598
019672609
019672659
019672684
019672686
019672693
019672696
019672698
019672704
019672709
019672715
019672716
019672717
019676710
019676721
019676732
019676735
019676736
019676739
019676742
019679499
019679530
019679583
019679605
019679614
019679789
019679812
019679873
019679879
019683766
019688005
019688021
019688034
019688058
019688100
019688142
019688164
019688175
019688179
019688181
019694298
019698292
019698306
019698322
019698327
019698330
019698339
019698345
019698347
019709082
019709095
019709121
020626886
020626960
020643445
020643458
020650658
020655619
020674805
020712550
020712562
020713098
020718787
020718788
020790679
020848036
020872678
020879536
020934130
020934319
020934325
020934328
020935536
020935554
020935563
020935565
020935570
020935591
020942439
020946386
020946394
020981624
020988340
020988341
020988342
020996457
021000150
021024184
021024541
021024606
021029298
021030821
021044930
021047188
021051051
021051052
021051782
021056977
021056978
021057297
021057298
021057299
021058936
021058939
021058940
021066618
021066619
021066620
021066621
021066622
021067451
021067452
021067453
021076749
021076750
021076751
021117512
021121650
021132470
021134910
021135370
021135371
021137189
021141373
021141398
021141534
021147667
021147674
021147690
021147691
021149117
021149215
021152985
021153059
021153296
021153710
021153711
021154196
021163461
021164663
021164664
021164665
021164998
021164999
021173165
021174845
021187996
021188103
021189619
021189620
021203580
021205010
021209192
021209365
021209366
021211846
021211995
021220962
021220963
021220964
021228698
021228903
021228904
021229304
021243735
021248224
