012431822
012431790
012431798
012431833
012431787
012431821
012431836
012431889
012432056
012431807
014600640
016017521
014688101
012431789
012431804
012431839
012432095
012432191
012432341
012432356
012432399
012433136
012433484
012433536
012433693
012434651
012434724
012434765
012434953
013089516
013089605
013089702
013097406
013097668
013101572
013103990
013266331
013393245
013400795
013430865
013509834
013647153
013648515
013668398
013685956
013705596
013706013
013713014
013747485
013766568
013797161
013804867
015738112
015788964
015792485
015798274
015798430
015800417
015824192
013820103
014055683
014509894
014563507
014635710
014654199
014758690
014875942
016620346
013393158
015290149
015730874
015800431
015878559
014684904
012433548
013609611
012431851
012431858
012431870
012431926
012431953
012432005
012432099
012432118
012432213
012432252
012432359
012432411
012432646
012432729
012432804
012432834
012432950
012432995
012433077
012433182
012433195
012433375
012433462
012433605
012433672
012433690
012433699
012433703
012433770
012433797
012433829
012433873
012434078
012434183
012434352
012911838
012916774
013084568
013084854
013087541
013087964
013088139
013088194
013088287
013088776
013088877
013089246
013089330
013089349
013089432
013089476
013089537
013089551
013089553
013089580
013089582
013089586
013089588
013089612
013089617
013089619
013089635
013089641
013089643
013089658
013089662
013089675
013089690
013089692
013089699
013089708
013089712
013089724
013089726
013089728
013089739
013089741
013089748
013089753
013089755
013089762
013089764
013089861
013090125
013090618
013090897
013091109
013091373
013091513
013091523
013091706
013091746
013093660
013093947
013094134
013094278
013095188
013095714
013095878
013096067
013096303
013096534
013096557
013097382
013097432
013097727
013097749
013100915
013100958
013101013
013101027
013101538
013103222
013103306
013103427
013103555
013103793
013103929
013104051
013104463
013105033
013107541
013108505
013111472
013138698
013181669
013244287
013250314
013357692
013378233
013378383
013392628
013400630
013428525
013433191
013433945
013434082
013434529
013434674
013434750
013440746
013445927
013446038
013446142
013453180
013461991
013477659
013499338
013500714
013553889
013559253
013560513
013562266
013571266
013574349
013574698
013586401
019248064
019593012
016323144
016323156
016323825
016386315
016386592
016415161
016415515
016415550
016420093
015116114
015171895
015263582
015264107
015264170
015272541
015282981
015288641
016599478
016599496
016623068
016623206
016623449
016623484
016623614
016624364
016624366
016624386
016624950
016800054
016804580
017366020
017369104
017369139
017371764
013613848
013637785
013641419
013647731
013658369
013685222
013696383
013696651
013701150
013704079
013710864
013711927
013714608
013717696
013718534
013729612
013729672
013729798
013731714
013737303
013737566
013737840
013737999
013738166
013743655
013743710
013743745
013743935
013743966
013747279
013747385
013747843
013759599
013759781
013760594
013760605
013760758
013760783
013764566
013765505
013788814
015398623
015482911
015488506
015488560
015788378
015789065
015789275
015789303
015791561
015791582
015791988
015792041
015792191
015792342
015792873
015793547
015796798
015798253
015798264
015798308
015798373
015800518
015800759
015801417
015802631
015802955
015802968
015806340
015835663
015845173
015852802
015883321
015968447
016170354
013817250
013833213
013952837
014462452
014483245
014490950
014492630
014513169
014516459
014526720
014527922
014528349
014533364
014535836
014574252
014582137
014600943
014603056
014603874
014603897
014625548
014632415
014678342
014687595
014688266
014787560
014798858
014907820
014918876
014935728
014935878
014502265
013571232
013571869
019248055
019248067
017367939
017368327
017369129
017379623
017386467
012431795
012433977
012432107
012432124
012432405
012432596
012432606
012433035
012433433
012433561
012433709
012433874
012433897
012434425
012434717
012435068
013089323
013089706
013398751
013433166
013502368
016324339
013759921
015788477
013812240
013819334
013819914
013821435
014053689
014056261
012432456
012432595
012433886
013701472
013089703
013110455
013737355
016623567
014888544
012432397
012432417
012432538
012432576
012432888
012432975
012433194
012433422
012433473
012433517
012433595
012433704
012433907
012434209
012434309
012434835
012435030
013084290
013084747
013085127
013087225
013087408
013087434
013088063
013088644
013089504
013089536
013089614
013089642
013089731
013089756
013089761
013089954
013090402
013090467
013091717
013093652
013093829
013095216
013095262
013095963
013103545
013103548
013103842
013103897
013373393
013426938
013429241
013434829
013553616
016586902
016620382
016623014
016623038
013638647
013685884
013743812
013759697
013764545
013770944
013779989
015477403
015761503
015789135
015789261
015789353
015792254
015798315
015798394
013812184
014536315
014577099
014918907
013430237
013207115
