015742423
014879788
014822856
014602959
014817033
014826248
014848168
014866868
014867456
014871661
016285757
016285758
016285759
016285760
016285761
016285762
016285763
016285764
016285765
016285766
016285767
016285768
016285769
016285770
016285771
016285772
016285773
016285774
016285775
016285776
016285777
016285778
016285779
016285780
016285781
016285782
016285783
016285784
016285785
016285786
016285787
016285788
016285789
016285790
016285791
016285792
016285793
016285794
016285795
016285796
016285797
016285798
016285799
016285800
016285801
016285802
016285803
016285804
016285805
016285806
016285807
016285808
016285809
016285810
016285811
016285812
016285813
016285814
016285815
016285816
016285817
016285819
016285820
016285821
016285822
016285823
016285824
016285825
016285826
016285827
016285828
016285829
016285830
016285831
016285832
016285833
016285834
016285835
016285836
016285837
016285838
016285839
016285840
016285841
016285842
016285843
016285844
016285845
016285846
016285847
016285848
016285849
016285850
016285851
016285852
016285853
016285854
016285855
016285856
016285857
016285858
016285859
016285860
016285861
016285862
016285863
016285864
016285865
016285866
016285867
016286036
016286038
016286075
016286148
016286224
016286318
016286543
016286544
016286545
016286547
016286705
016286718
016286736
016286759
016287162
016287259
016287295
016287296
016287301
016287320
016287389
016287607
016287872
016288077
016288227
016288389
016288441
016288464
016288514
016288759
016288872
016288873
016288874
016288875
016288876
016288877
016288878
016288879
016288880
016288885
016289049
016289058
017867931
015742818
015743008
015743126
014603313
014605628
014628741
014803510
014803511
014803512
014803513
014803514
014803515
014803516
014803517
014803518
014803519
014803520
014803521
014803522
014803523
014803524
014803525
014803526
014803527
014803528
014803529
014803530
014803531
014810012
014810013
014810014
014810015
014810016
014810017
014810729
014810730
014810731
014810733
014810734
014810735
014810736
014810738
014810739
014810740
014810741
014810742
014810743
014810744
014816166
014816169
014816170
014816171
014816172
014816174
014816175
014816176
014816177
014816179
014816180
014816181
014816182
014816183
014816184
014816185
014816186
014816187
014816188
014822851
014822852
014822853
014822854
014822857
014822858
014822859
014822860
014822862
014822863
014824883
014825754
014825755
014825757
014825758
014825759
014825760
014825761
014825762
014825763
014825764
014825765
014825766
014825769
014825770
014825771
014825772
014825773
014825774
014839213
014846756
014861190
014861191
014885267
014896304
014912168
014912169
014939298
014939299
014939300
014939301
014939302
014939303
016289059
