014862490
016285952
016286370
016286451
016286460
016286462
016286463
016286477
016286568
016286569
016286570
016286571
016286572
016286573
016286574
016286575
016286689
016286896
016287140
016287192
016287198
016287266
016287319
016287348
016287399
016287554
016287695
016287707
016287865
016287873
016288011
016288223
016288318
016288328
016288482
016288676
016288749
016288784
015742538
015742539
015742547
015742549
015742551
015742552
015742553
015742554
015742569
015742572
015742578
015742584
015742587
015742597
015742602
015742604
015742605
015742607
015742608
015742614
015742623
015742634
015742635
015742638
015742641
015742643
015742646
015742650
015742663
015742666
015742668
015742669
015742671
015742684
015742688
015742696
015742697
015742698
015742710
015742726
015742773
015742774
015742783
015742785
015742794
015742799
015742801
015742806
015742828
015742908
015742917
015742923
015742933
015742937
015742939
015742943
015742946
015742952
015742958
015742959
015742961
015742963
015742969
015742970
015742986
015742987
015743002
015743010
015743011
015743012
015743014
015743020
015743094
015743098
015743099
015743100
015743102
015743105
015743133
015743134
015743137
015743143
014602847
014602861
014602983
014603395
014603470
014605604
014605607
014605608
014605609
014605626
014608195
014608239
014608249
014608266
014608272
014608305
014608315
014608320
014608367
014608373
014608424
014608480
014608516
014608523
014608647
014608768
014610159
014610170
014610171
014610199
014610204
014610223
014610227
014616878
014616978
014616980
014617193
014622766
014622906
014622985
014622990
014622994
014643350
014643496
014643515
014643547
014643571
014750837
014774174
014804582
014804889
014804891
014804892
014804896
014804897
014804898
014804901
014804903
014804906
014804962
014804963
014804965
014804966
014804967
014805785
014807176
014807448
014807576
014808077
014808382
014809470
014809471
014809473
014809475
014809480
014809486
014809488
014809489
014809491
014809492
014809495
014809498
014809624
014809752
014810206
014810207
014810210
014810211
014810869
014810872
014810874
014810875
014810876
014810877
014811097
014811910
014813215
014813268
014813269
014813270
014813278
014813831
014814305
014814599
014814759
014814760
014814763
014814773
014815706
014815707
014815708
014815709
014815711
014815712
014815714
014815715
014815719
014815721
014815722
014816261
014816264
014816271
014816272
014816273
014816323
014816434
014816435
014816453
014816459
014816493
014816613
014816661
014816689
014816717
014816777
014816778
014816870
014816893
014816938
014816960
014816977
014817119
014817440
014817484
014818618
014819355
014826054
014826055
014826056
014826061
014826625
014826772
014826773
014826775
014826776
014826777
014826778
014827118
014827119
014827367
014827520
014827648
014827650
014827878
014827879
014827880
014827895
014827909
014827913
014827994
014828203
014828786
014829209
014829277
014829284
014829299
014829302
014829303
014829304
014829306
014829307
014829308
014829309
014829311
014829312
014829315
014829317
014829318
014829320
014829339
014829348
014829505
014829506
014829513
014829890
014829893
014829894
014831161
014831430
014831431
014831830
014832140
014832614
014832616
014832617
014832618
014832619
014832620
014832621
014832718
014832813
014832815
014866674
014880223
014905518
014912207
014912671
014912737
014939480
014940023
015742537
015743151
014803509
014810732
014810737
014816167
014816168
014816173
014816178
014825756
014825767
014825768
014825775
