012431784
012431850
012431856
012431972
012432027
012432040
012432059
012432327
012432343
012432462
012432472
012432517
012432774
012432833
012432855
012432964
012432967
012433135
012433151
012433373
012433796
012433815
012433818
012433864
012433870
012433871
012433910
012433925
012433926
012433965
012433966
012433979
012433983
012434034
012434037
012434044
012434048
012434062
012434106
012434118
012434127
012434130
012434145
012434192
012434210
012434260
012434263
012434265
012434303
012434310
012434335
012434370
012434435
012434440
012434444
012434462
012434475
012434502
012434539
012434542
012434639
012434675
012434758
012434788
012434842
012434865
012434923
012434926
012434943
012434951
012435018
012435037
012435124
012435155
012435157
012435169
012435190
012435197
012435236
012435241
012435263
012435272
012435277
013446182
020142764
019248059
019675557
016326722
016327695
016333007
016336371
016336569
016382624
016384655
016384755
016384798
016386438
016415027
016417235
017762653
015105423
015288671
016624253
017359276
017371595
013612249
013741834
015791603
015791940
015800396
013817224
014048444
014489203
014565057
014565596
014590951
014684978
