015907730
015914471
015914472
015914473
015914474
015914475
015914476
015914477
015914478
015914479
015914480
015914481
015914482
015914483
015914484
015914485
015914486
015914487
015914488
015916364
015916366
015916367
015916368
015916369
015916370
015916371
015916532
015917059
015917060
015917061
015917062
015917063
015917064
015917065
015917066
015917067
015917068
015917069
015917070
015917071
015917072
015917073
015917078
015917408
015917411
015917413
015917414
015917416
015917420
015917422
015917425
015917429
015917459
015917460
015917462
015917463
015917464
015917465
015917470
015917473
015917475
015917477
015917478
015917479
015917481
015917484
015917485
015917486
015917487
015917488
015917809
015917811
015917817
015917818
015917819
015917821
015917822
015917823
015917826
015917828
015917854
015917857
015917858
015917859
015917863
015917864
015917866
015917868
015917870
015919084
015919088
015919090
015919091
015919092
015919224
015919231
015919232
015919369
015919511
015919655
015919657
015919658
015919659
015919663
015920151
015920152
015920153
015920449
015920450
015920451
015920452
015921323
015921325
015921326
015921328
015921858
015921859
015921862
015921863
015921866
015921867
015921871
015921873
015921876
015921877
015921878
015922885
015923644
015923647
015923649
015923650
015923651
015923652
015923654
015923656
015923657
015923658
015923659
015923660
015923661
015923662
015923663
015923664
015923665
015923666
015923667
015923669
015923670
015923671
015923672
015923673
015923674
015923675
015923676
015923677
015923679
015923680
015923681
015923682
015923683
015923684
015923685
015923686
015923687
015923690
015923691
015923692
015923693
015923694
015923695
015923696
015923697
015923698
015923700
015923701
015923702
015923703
015923704
015923705
015923706
015923707
015923710
015923711
015923712
015923713
015923715
015923716
015923717
015923718
015923719
015923720
015923721
015923722
015923723
015923724
015923725
015923726
015923727
015923728
015923730
015923731
015923732
015923733
015923734
015923735
015923736
015923737
015923738
015923739
015923741
015923743
015923744
015923746
015923747
015923748
015923749
015923750
015923752
015923753
015923755
015923756
015923757
015923758
015923759
015923760
015923761
015923762
015923763
015923764
015923765
015923766
015923768
015923769
015923770
015923771
015923773
015923774
015923776
015923777
015923779
015923780
015923781
015923783
015923786
015923787
015923788
015923789
015923817
015923818
015923819
015923869
015923870
015923871
015923872
015923873
015923874
015923975
015924595
015924605
015924607
015924608
015924609
015924622
015924624
015924626
015924627
015924628
015924629
015924630
015924631
015924632
015924634
015925565
015925581
015925592
015925611
015925613
015925618
015925619
015928926
015928927
015928928
015928929
015928930
015928931
015928932
015928933
015928934
015928935
015928936
015928937
015928938
015928939
015928940
015928941
015928942
015928943
015928944
015928945
015928946
015928947
015928948
015928949
015928950
015928951
015928953
015929896
015930153
015934043
015937500
015941675
