012339208
012339526
012340537
012341687
012344157
012344262
012344263
012344264
012344284
012344311
012348037
012348258
012355472
012358443
012362061
012365033
012365129
012365146
012365820
012369727
012370233
012371057
012372765
012372809
012373036
012376130
012376335
012376982
012382607
012384161
012385545
012387376
012912257
012951233
012964829
012964848
012977707
012977946
013006202
013008005
013011250
013034419
013048115
013087363
013095376
013146154
013176366
013217592
013334003
013334813
013335645
013345820
013346611
013361451
013363035
013409751
013409981
013418422
013445226
013445230
013466350
013473278
013473824
013482085
013484719
013500860
013501310
013508660
013515071
013528989
013539829
011038340
011038386
011038388
011038406
011038822
011038837
011038860
011038861
011038880
011039895
011039904
011040332
011047207
011047225
011047257
011047264
011047395
011047398
011048154
011053019
011053700
011054753
011055585
011057122
011070387
011071526
011071632
011071649
011077596
011081901
011082742
011090723
011670958
011671213
011672912
011684030
011684487
011706553
011706814
011709104
011711349
011712109
011714152
011716566
011727729
011729207
011730282
009815937
010456834
008459744
008491509
009142138
009142192
009142230
009142233
009142335
009142418
009142468
009142581
009150143
007098564
007111478
013628930
013675871
013675887
013685757
013685850
013690361
013697590
013716683
013734321
013752743
013753996
013765868
013779677
013787353
013829894
013889653
014047947
014049204
014050712
014101578
014467461
014501586
014507177
014597144
014597712
014623668
014630049
014654458
014676832
014698674
014698679
014715408
014716822
014718233
014719565
014721519
014721769
014724202
014726712
014732952
014735301
014735742
014736426
014736533
014742365
014745279
012376800
