016661213
016661214
016661215
016661216
016661217
016661218
016661219
016661220
016661221
016661222
016661223
016661224
016661225
016661226
016661227
016661228
016661229
016661230
016661231
016661232
016661233
016661234
016661235
016661236
016661237
016661238
016661239
016661240
016661241
016661242
016661243
016661244
016661245
016661246
016661247
016661248
016661249
016661250
016661251
016661252
016661253
016661254
016661255
016661256
016661257
016661258
016661259
016661260
016661261
016661262
016661263
016661264
016661265
016661266
016661267
016661268
016661269
016661270
016661271
016661272
016661273
016661274
016661275
016661276
016661277
016661278
016661279
016661280
016661281
016661282
016661283
016661284
016661285
016661286
016661287
016661288
016661289
016661290
016661291
016661292
016661293
016661294
016661295
016661296
016661297
016661298
016661299
016661300
016661301
016661302
016661303
016661304
016661305
016661306
016661307
016661308
016661309
016661310
016661311
016661312
016661313
016661314
016661315
016661316
016661317
016661318
016661319
016661320
016661321
016661322
016661323
016661324
016661325
016661326
016661327
016661328
016661329
016661330
016661331
016661332
016661333
016661334
016661335
016661336
016661337
016661338
016661339
016661340
016661341
016661342
016661343
016661344
016661345
016661346
016661347
016661348
016661349
016661350
016661351
016661352
016661353
016661354
016661355
016661356
016661357
016661358
016661359
016661360
016661361
016661362
016661363
016661364
016661365
016661366
016661367
016661368
016661369
016661370
016661371
016661372
016661373
016661374
016661375
016661376
016661377
016661378
016661379
016661380
016661381
016661382
016661383
016661384
016661385
016661386
016661387
016661388
016661389
016661390
016661391
016661392
016661393
016661394
016661395
016661396
016661397
016661398
016661399
016661400
016661401
016661402
016661403
016661404
016661405
016661406
016661407
016661408
016661409
016661410
016661411
016661412
016661413
