018555587
018555588
018555589
018555590
018555591
018555592
018555593
018555594
018555595
018555596
018555597
018555598
018555599
018555600
018555601
018555602
018555603
018563451
018563452
018563453
018563454
018563455
018563456
018563457
018563458
018563459
018570965
018570966
018570967
018584004
018584005
018584006
018584007
018584008
018584009
018584010
018584011
018584012
018584013
018584014
018584015
018584016
018584017
018584018
018584019
018584020
018584021
018584022
018584542
018584543
018584544
018584545
018586795
018586796
018586797
018586798
018586799
018586800
018586801
018586802
018586803
018586804
018586805
018595504
018595505
018595506
018595507
018600555
018600556
018600557
018600558
018600559
018600560
018600561
018600562
018600563
018600564
018600565
018600566
018600567
018600568
018600569
018600570
018600571
018600572
018600573
018600574
018600575
018600576
018600577
018600578
018600579
018600580
018600581
018600582
018600583
018600584
018600585
018600586
018600587
018600588
018600589
018600590
018600591
018610008
018610009
018610010
018610011
018610012
018610013
018610014
018610015
018610016
018610017
018610018
018610019
018622149
018622152
018622153
018622154
018622155
018622156
018622157
018622158
018630789
018630790
018630791
018630792
018630793
018630794
018630795
018630796
018630797
018630798
018630799
018630800
018630801
018630802
018630803
018630804
018630805
018630806
018630807
018630808
018630809
018630810
018630811
018630812
018630813
018630814
018630815
018630816
018630817
018630818
018630819
018630820
018630821
018630822
018630823
018630824
018630825
018630826
018630827
018630828
018630829
018630830
018630831
018630832
018630833
018630834
018630835
018630836
018630837
018630838
018630839
018630840
018630841
018630842
018630843
018630844
018631138
018631139
018631140
018631141
018631142
018631143
018631144
018631145
018631146
018631147
018631148
018631149
018631150
018631151
018631152
018631153
018631154
018631155
018631156
018631157
018631158
018631159
018631160
018631161
018631162
018631163
018649568
018649569
018649570
018649571
018649572
018649573
018649574
018649575
018649576
018649577
018649578
018649579
018649580
018649581
018649582
018649583
018649584
018649585
018649586
018649587
018649588
018649589
018649590
018649591
018649592
018649593
018649594
018649595
018649596
018649597
018649598
018649599
018649600
018649601
018649602
018649603
018649604
018649605
018649606
018649607
018649608
018649609
018649610
018649611
018649612
018649613
018649614
018649615
018649616
018649617
018649618
018649619
018649620
018649621
018649622
018649623
018649624
018649625
018649626
018649627
018650149
018650150
018650151
018650152
018650153
018650154
018650155
018650156
018650157
018650158
018650159
018650160
018650161
018650162
018650163
018650164
018650165
018650166
018655082
018655083
018655084
018655085
018655086
018655087
018655088
018655089
018655090
018655091
018656414
018656415
018656416
018656417
018656418
018656419
018656420
018656421
018656422
018656423
018656424
018656425
018656426
018656427
018656428
018656429
018656430
018656431
018656432
018656433
018656434
018656435
018656436
018656437
018656438
018656439
018656440
018656444
018656445
018739576
020978124
018761254
021248173
