016285868
016285869
016285870
016285871
016285872
016285873
016285874
016285875
016285876
016285877
016285878
016285879
016285880
016285881
016285882
016285883
016285884
016285885
016285886
016285887
016285888
016285889
016285890
016285891
016285892
016285893
016285894
016285895
016285896
016285897
016285898
016285899
016285900
016285901
016285902
016285903
016285904
016285905
016285906
016285907
016285908
016285909
016285910
016285911
016285912
016285913
016285914
016285915
016285916
016285917
016285918
016285919
016285920
016285921
016285922
016285923
016285924
016285925
016285926
016285927
016285928
016285929
016285930
016285931
016285932
016285933
016285934
016285935
016285936
016285937
016285938
016285939
016285940
016285941
016285942
016285943
016285944
016285945
016285946
016285947
016285948
016285949
016285950
016285951
016285953
016285954
016285955
016285956
016285957
016285958
016285959
016285960
016285961
016285962
016285964
016285965
016285966
016285967
016285968
016285969
016285970
016285971
016285972
016285973
016285974
016285975
016285976
016285977
016285978
016285979
016285980
016285981
016285982
016285983
016285984
016285985
016285986
016285987
016285988
016285989
016285990
016285991
016285992
016285993
016285994
016285995
016285996
016285997
016285998
016285999
016286000
016286001
016286002
016286003
016286004
016286005
016286006
016286007
016286008
016286009
016286010
016286011
016286012
016286013
016286014
016286015
016286016
016286017
016286018
016286019
016286020
016286021
016286022
016286023
016286024
016286025
016286026
016286027
016286028
016286029
016286030
016286031
016286032
016286033
016286034
016286035
016286037
016286039
016286040
016286041
016286042
016286043
016286044
016286045
016286046
016286047
016286048
016286049
016286050
016286051
016286052
016286053
016286054
016286055
016286056
016286057
016286058
016286059
016286060
016286061
016286062
016286063
016286064
016286066
016286067
016286068
016286069
016286070
016286071
016286072
016286073
016286074
016286076
016286077
016286078
016286079
016286080
016286081
016286082
016286083
016286084
016286085
016286086
016286088
016286089
016286090
016286091
016286092
016286093
016286094
016286097
016286098
016286099
016286100
016286101
016286102
016286104
016286105
016286107
016286108
016286109
016286110
016286111
016286112
016286113
016286114
016286115
016286116
016286117
016286118
016286119
016286120
016286121
016286122
016286123
016286124
016286125
016286126
016286127
016286128
016286129
016286130
016286131
016286132
016286133
016286134
016286135
016286136
016286137
016286138
016286139
016286140
016286141
016286142
016286143
016286144
016286145
016286146
016286147
016286149
016286150
016286151
016286152
016286153
016286154
016286155
016286156
016286157
016286158
016286159
016286161
016286162
016286163
016286164
016286165
016286166
016286167
016286168
016286169
016286170
016286171
016286172
016286173
016286174
016286175
016286176
016286177
016286178
016286179
016286180
016286181
016286182
016286183
016286184
016286185
016286186
016286187
016286188
016286189
016286190
016286191
016286192
016286193
016286194
016286195
016286196
016286197
016286198
016286199
016286200
016286201
016286202
016286203
016286204
016286205
016286206
016286207
016286208
016286210
016286211
016286212
016286213
016286214
016286215
016286216
016286217
016286218
016286219
016286220
016286221
016286222
016286223
016286225
016286226
016286228
016286229
016286230
016286231
016286232
016286233
016286234
016286236
016286237
016286238
016286239
016286240
016286241
016286242
016286243
016286244
016286245
016286246
016286247
016286248
016286249
016286250
016286251
016286253
016286254
016286255
016286257
016286258
016286259
016286260
016286261
016286262
016286263
016286264
016286265
016286266
016286267
016286268
016286269
016286271
016286272
016286273
016286274
016286275
016286276
016286277
016286278
016286279
016286280
016286281
016286282
016286283
016286284
016286285
016286286
016286287
016286288
016286289
016286290
016286291
016286292
016286293
016286294
016286295
016286296
016286297
016286298
016286299
016286300
016286301
016286302
016286303
016286304
016286305
016286306
016286307
016286308
016286309
016286310
016286311
016286312
016286313
016286315
016286316
016286317
016286319
016286320
016286321
016286322
016286323
016286324
016286325
016286326
016286327
016286328
016286329
016286330
016286331
016286332
016286333
016286334
016286335
016286336
016286337
016286338
016286339
016286340
016286341
016286342
016286343
016286344
016286345
016286346
016286347
016286348
016286349
016286350
016286351
016286352
016286353
016286354
016286355
016286356
016286357
016286358
016286359
016286360
016286361
016286362
016286363
016286364
016286365
016286366
016286367
016286368
016286371
016286372
016286373
016286374
016286375
016286376
016286377
016286378
016286379
016286380
016286381
016286382
016286383
016286384
016286385
016286386
016286387
016286388
016286389
016286390
016286391
016286392
016286394
016286395
016286396
016286398
016286399
016286400
016286401
016286402
016286403
016286404
016286405
016286406
016286407
016286408
016286409
016286410
016286411
016286412
016286413
016286414
016286415
016286416
016286417
016286418
016286419
016286420
016286421
016286422
016286423
016286424
016286425
016286426
016286427
016286428
016286429
016286430
016286431
016286432
016286433
016286434
016286435
016286436
016286437
016286438
016286439
016286440
016286441
016286442
016286443
016286444
016286445
016286446
016286447
016286448
016286449
016286450
016286452
016286453
016286454
016286455
016286456
016286457
016286458
016286459
016286464
016286465
016286466
016286467
016286468
016286470
016286471
016286472
016286473
016286474
016286475
016286476
016286478
016286479
016286480
016286481
016286482
016286483
016286484
016286485
016286486
016286487
016286488
016286489
016286490
016286491
016286492
016286493
016286494
016286495
016286496
016286497
016286498
016286499
016286500
016286501
016286502
016286503
016286504
016286505
016286506
016286507
016286508
016286509
016286510
016286511
016286512
016286513
016286514
016286515
016286516
016286517
016286518
016286519
016286520
016286521
016286522
016286523
016286524
016286525
016286526
016286527
016286528
016286529
016286530
016286531
016286532
016286533
016286534
016286536
016286537
016286538
016286539
016286540
016286541
016286542
016286552
016286553
016286554
016286555
016286556
016286557
016286558
016286559
016286560
016286561
016286562
016286563
016286564
016286565
016286566
016286576
016286577
016286578
016286579
016286580
016286581
016286582
016286583
016286584
016286585
016286586
016286587
016286588
016286589
016286590
016286592
016286593
016286594
016286595
016286596
016286597
016286598
016286599
016286600
016286601
016286602
016286603
016286604
016286605
016286606
016286607
016286608
016286609
016286610
016286611
016286612
016286613
016286615
016286616
016286617
016286618
016286619
016286620
016286622
016286623
016286624
016286625
016286626
016286627
016286628
016286629
016286630
016286631
016286632
016286633
016286634
016286635
016286636
016286637
016286638
016286639
016286640
016286641
016286642
016286643
016286644
016286645
016286648
016286649
016286650
016286651
016286652
016286653
016286654
016286655
016286656
016286657
016286658
016286659
016286660
016286661
016286662
016286663
016286664
016286665
016286666
016286667
016286668
016286669
016286670
016286671
016286672
016286673
016286674
016286675
016286676
016286677
016286678
016286679
016286680
016286681
016286682
016286683
016286684
016286685
016286686
016286688
016286690
016286691
016286692
016286693
016286694
016286695
016286696
016286697
016286698
016286699
016286700
016286701
016286702
016286703
016286704
016286706
016286707
016286708
016286709
016286710
016286711
016286712
016286713
016286714
016286715
016286716
016286717
016286719
016286720
016286721
016286722
016286723
016286724
016286725
016286726
016286727
016286728
016286729
016286730
016286731
016286732
016286733
016286734
016286735
016286737
016286738
016286739
016286740
016286741
016286742
016286743
016286744
016286745
016286746
016286747
016286748
016286749
016286750
016286751
016286752
016286753
016286754
016286755
016286756
016286757
016286758
016286760
016286761
016286762
016286763
016286764
016286765
016286766
016286767
016286768
016286769
016286770
016286771
016286772
016286773
016286774
016286775
016286776
016286777
016286778
016286779
016286780
016286781
016286782
016286783
016286784
016286785
016286786
016286787
016286788
016286789
016286790
016286791
016286792
016286793
016286794
016286795
016286796
016286797
016286798
016286799
016286800
016286801
016286802
016286803
016286804
016286805
016286806
016286807
016286808
016286809
016286810
016286811
016286812
016286813
016286814
016286815
016286816
016286817
016286818
016286819
016286820
016286821
016286822
016286823
016286824
016286825
016286826
016286827
016286828
016286829
016286830
016286831
016286832
016286833
016286834
016286835
016286836
016286837
016286838
016286839
016286840
016286841
016286842
016286843
016286844
016286845
016286846
016286847
016286848
016286849
016286850
016286851
016286852
016286853
016286854
016286856
016286857
016286858
016286859
016286860
016286861
016286862
016286863
016286864
016286865
016286866
016286867
016286868
016286869
016286870
016286871
016286872
016286873
016286874
016286875
016286876
016286877
016286878
016286879
016286880
016286881
016286882
016286883
016286884
016286885
016286886
016286887
016286888
016286889
016286890
016286891
016286892
016286893
016286894
016286895
016286897
016286898
016286899
016286900
016286901
016286902
016286903
016286904
016286905
016286906
016286907
016286908
016286909
016286910
016286911
016286912
016286913
016286914
016286915
016286916
016286917
016286918
016286919
016286920
016286921
016286922
016286923
016286924
016286925
016286926
016286927
016286928
016286929
016286930
016286931
016286932
016286933
016286934
016286935
016286936
016286937
016286938
016286939
016286941
016286942
016286943
016286944
016286945
016286946
016286947
016286948
016286949
016286950
016286951
016286952
016286953
016286954
016286955
016286956
016286957
016286958
016286959
016286960
016286961
016286962
016286963
016286964
016286965
016286966
016286967
016286968
016286969
016286970
016286971
016286972
016286973
016286974
016286975
016286976
016286977
016286978
016286979
016286980
016286981
016286982
016286983
016286984
016286986
016286987
016286988
016286989
016286990
016286991
016286992
016286993
016286994
016286995
016286996
016286997
016286998
016286999
016287000
016287001
016287002
016287003
016287004
016287005
016287006
016287007
016287008
016287010
016287011
016287012
016287013
016287014
016287015
016287016
016287017
016287019
016287020
016287021
016287022
016287023
016287024
016287025
016287026
016287027
016287028
016287029
016287030
016287031
016287032
016287033
016287034
016287035
016287036
016287037
016287038
016287039
016287040
016287041
016287042
016287043
016287044
016287045
016287046
016287047
016287048
016287049
016287050
016287051
016287052
016287053
016287054
016287055
016287056
016287057
016287058
016287059
016287060
016287061
016287062
016287063
016287064
016287065
016287066
016287067
016287068
016287069
016287070
016287071
016287072
016287073
016287074
016287075
016287077
016287078
016287079
016287080
016287081
016287082
016287083
016287084
016287085
016287086
016287087
016287088
016287089
016287090
016287091
016287092
016287093
016287094
016287095
016287096
016287097
016287098
016287099
016287100
016287101
016287102
016287103
016287104
016287105
016287106
016287107
016287108
016287109
016287110
016287111
016287112
016287113
016287114
016287115
016287116
016287117
016287119
016287121
016287124
016287125
016287126
016287127
016287128
016287129
016287130
016287133
016287134
016287135
016287136
016287137
016287138
016287139
016287141
016287142
016287143
016287144
016287145
016287146
016287147
016287148
016287149
016287150
016287151
016287152
016287153
016287154
016287155
016287156
016287157
016287158
016287159
016287160
016287161
016287163
016287164
016287165
016287166
016287167
016287168
016287169
016287171
016287172
016287173
016287174
016287175
016287176
016287177
016287178
016287179
016287180
016287181
016287182
016287183
016287184
016287185
016287186
016287188
016287189
016287190
016287191
016287193
016287194
016287195
016287196
016287197
016287199
016287200
016287201
016287202
016287203
016287204
016287205
016287206
016287207
016287208
016287209
016287210
016287211
016287212
016287213
016287214
016287215
016287216
016287217
016287218
016287219
016287220
016287222
016287223
016287224
016287225
016287226
016287227
016287228
016287229
016287230
016287231
016287232
016287233
016287234
016287235
016287236
016287237
016287238
016287239
016287240
016287241
016287242
016287243
016287244
016287245
016287246
016287247
016287248
016287249
016287250
016287251
016287252
016287253
016287254
016287255
016287256
016287257
016287258
016287260
016287261
016287262
016287263
016287264
016287265
016287267
016287268
016287269
016287270
016287271
016287272
016287273
016287274
016287275
016287276
016287277
016287278
016287279
016287280
016287281
016287282
016287283
016287284
016287285
016287286
016287287
016287289
016287290
016287291
016287292
016287293
016287294
016287297
016287298
016287299
016287300
016287302
016287303
016287304
016287305
016287306
016287307
016287308
016287310
016287311
016287312
016287313
016287314
016287315
016287316
016287317
016287318
016287321
016287322
016287323
016287324
016287325
016287326
016287327
016287328
016287329
016287331
016287332
016287333
016287334
016287335
016287336
016287337
016287338
016287339
016287340
016287341
016287342
016287343
016287344
016287345
016287346
016287347
016287349
016287350
016287351
016287352
016287353
016287354
016287355
016287356
016287357
016287358
016287359
016287360
016287361
016287362
016287363
016287364
016287365
016287366
016287367
016287368
016287369
016287370
016287371
016287372
016287373
016287374
016287375
016287376
016287377
016287378
016287379
016287380
016287381
016287383
016287384
016287385
016287386
016287387
016287388
016287390
016287391
016287392
016287393
016287394
016287395
016287396
016287397
016287398
016287401
016287402
016287403
016287404
016287405
016287406
016287407
016287408
016287409
016287410
016287411
016287412
016287413
016287414
016287415
016287416
016287417
016287418
016287419
016287420
016287421
016287422
016287423
016287424
016287425
016287426
016287427
016287428
016287429
016287430
016287431
016287432
016287433
016287434
016287435
016287436
016287437
016287438
016287439
016287440
016287441
016287442
016287443
016287444
016287445
016287446
016287447
016287448
016287450
016287451
016287452
016287453
016287454
016287455
016287456
016287457
016287458
016287459
016287460
016287461
016287462
016287463
016287464
016287465
016287466
016287467
016287468
016287469
016287470
016287471
016287472
016287473
016287474
016287475
016287476
016287477
016287478
016287479
016287480
016287481
016287482
016287483
016287484
016287485
016287486
016287487
016287488
016287489
016287490
016287492
016287493
016287494
016287495
016287496
016287497
016287498
016287499
016287500
016287501
016287502
016287503
016287504
016287505
016287506
016287507
016287508
016287509
016287510
016287511
016287512
016287513
016287514
016287515
016287516
016287517
016287518
016287519
016287520
016287521
016287522
016287523
016287524
016287525
016287526
016287527
016287529
016287530
016287531
016287533
016287534
016287535
016287536
016287537
016287538
016287539
016287540
016287541
016287542
016287543
016287544
016287545
016287546
016287547
016287548
016287549
016287550
016287551
016287552
016287553
016287555
016287556
016287557
016287558
016287561
016287562
016287563
016287564
016287565
016287566
016287567
016287568
016287569
016287570
016287571
016287572
016287573
016287574
016287575
016287576
016287577
016287578
016287579
016287580
016287581
016287582
016287583
016287584
016287585
016287586
016287587
016287588
016287589
016287590
016287591
016287592
016287593
016287594
016287595
016287596
016287598
016287599
016287600
016287601
016287602
016287603
016287604
016287605
016287606
016287608
016287609
016287610
016287611
016287612
016287613
016287614
016287615
016287616
016287617
016287618
016287619
016287620
016287621
016287622
016287623
016287624
016287625
016287626
016287627
016287628
016287629
016287630
016287631
016287632
016287633
016287634
016287635
016287636
016287637
016287638
016287639
016287640
016287641
016287642
016287643
016287644
016287645
016287646
016287647
016287648
016287649
016287650
016287651
016287652
016287653
016287654
016287655
016287656
016287658
016287659
016287661
016287662
016287663
016287664
016287665
016287666
016287667
016287668
016287669
016287670
016287671
016287672
016287673
016287674
016287675
016287676
016287677
016287678
016287679
016287680
016287681
016287682
016287683
016287684
016287685
016287686
016287687
016287688
016287689
016287690
016287691
016287692
016287694
016287696
016287697
016287698
016287699
016287700
016287701
016287702
016287703
016287704
016287705
016287706
016287708
016287709
016287710
016287711
016287712
016287713
016287714
016287715
016287716
016287717
016287718
016287719
016287720
016287721
016287722
016287723
016287724
016287725
016287726
016287727
016287728
016287729
016287730
016287731
016287732
016287733
016287734
016287735
016287736
016287737
016287738
016287739
016287740
016287741
016287742
016287743
016287744
016287745
016287746
016287747
016287748
016287749
016287750
016287751
016287752
016287753
016287754
016287755
016287756
016287757
016287758
016287759
016287760
016287761
016287762
016287763
016287764
016287765
016287766
016287767
016287768
016287769
016287770
016287771
016287772
016287773
016287774
016287775
016287776
016287777
016287778
016287779
016287780
016287781
016287782
016287783
016287784
016287785
016287786
016287787
016287788
016287789
016287790
016287791
016287792
016287793
016287794
016287795
016287796
016287798
016287799
016287800
016287801
016287802
016287803
016287804
016287805
016287806
016287807
016287808
016287809
016287810
016287811
016287812
016287813
016287814
016287815
016287816
016287817
016287818
016287819
016287820
016287821
016287822
016287823
016287824
016287825
016287826
016287828
016287829
016287830
016287831
016287832
016287833
016287834
016287835
016287836
016287837
016287838
016287839
016287840
016287841
016287842
016287843
016287844
016287845
016287846
016287847
016287848
016287849
016287850
016287851
016287852
016287853
016287854
016287855
016287856
016287857
016287858
016287859
016287860
016287861
016287862
016287863
016287864
016287866
016287867
016287868
016287869
016287870
016287871
016287874
016287875
016287876
016287877
016287878
016287879
016287881
016287883
016287884
016287885
016287886
016287887
016287888
016287889
016287890
016287891
016287892
016287893
016287894
016287895
016287896
016287897
016287898
016287899
016287900
016287901
016287902
016287903
016287904
016287905
016287906
016287907
016287908
016287909
016287910
016287911
016287912
016287913
016287914
016287915
016287916
016287917
016287918
016287919
016287920
016287921
016287922
016287923
016287924
016287925
016287926
016287927
016287928
016287929
016287930
016287931
016287932
016287933
016287934
016287936
016287937
016287938
016287939
016287940
016287941
016287942
016287943
016287944
016287945
016287946
016287947
016287948
016287949
016287950
016287951
016287952
016287953
016287954
016287955
016287956
016287957
016287958
016287959
016287960
016287961
016287962
016287963
016287964
016287965
016287966
016287967
016287968
016287969
016287970
016287972
016287973
016287974
016287975
016287976
016287977
016287978
016287979
016287980
016287981
016287982
016287983
016287984
016287985
016287986
016287987
016287988
016287989
016287990
016287991
016287993
016287994
016287995
016287996
016287997
016287998
016287999
016288000
016288001
016288002
016288003
016288004
016288006
016288007
016288010
016288012
016288013
016288014
016288015
016288016
016288017
016288018
016288019
016288020
016288022
016288023
016288024
016288025
016288026
016288027
016288028
016288029
016288030
016288031
016288032
016288033
016288034
016288035
016288036
016288039
016288040
016288041
016288042
016288043
016288044
016288045
016288046
016288047
016288048
016288049
016288050
016288051
016288052
016288053
016288054
016288055
016288056
016288057
016288058
016288059
016288060
016288061
016288062
016288063
016288064
016288065
016288066
016288067
016288068
016288069
016288070
016288071
016288072
016288073
016288074
016288075
016288076
016288078
016288079
016288080
016288082
016288083
016288084
016288085
016288086
016288087
016288088
016288089
016288090
016288091
016288092
016288094
016288095
016288096
016288097
016288098
016288099
016288100
016288101
016288102
016288103
016288104
016288105
016288106
016288107
016288108
016288109
016288110
016288111
016288112
016288113
016288114
016288116
016288117
016288118
016288119
016288120
016288121
016288122
016288123
016288124
016288125
016288126
016288127
016288128
016288129
016288130
016288131
016288132
016288133
016288134
016288135
016288136
016288137
016288138
016288139
016288140
016288141
016288142
016288143
016288144
016288145
016288146
016288147
016288148
016288149
016288150
016288151
016288152
016288153
016288154
016288155
016288156
016288157
016288158
016288159
016288160
016288161
016288162
016288163
016288164
016288165
016288166
016288167
016288168
016288169
016288170
016288171
016288172
016288173
016288174
016288175
016288176
016288177
016288178
016288179
016288180
016288181
016288182
016288183
016288184
016288185
016288186
016288187
016288188
016288189
016288190
016288191
016288192
016288193
016288194
016288195
016288196
016288197
016288198
016288199
016288200
016288201
016288202
016288203
016288204
016288205
016288206
016288207
016288208
016288209
016288210
016288211
016288212
016288213
016288214
016288215
016288216
016288217
016288218
016288219
016288220
016288221
016288222
016288224
016288225
016288226
016288228
016288229
016288230
016288231
016288232
016288233
016288234
016288235
016288236
016288237
016288238
016288239
016288240
016288241
016288242
016288243
016288244
016288245
016288246
016288247
016288248
016288249
016288250
016288251
016288252
016288253
016288254
016288255
016288256
016288257
016288258
016288259
016288260
016288261
016288262
016288263
016288264
016288265
016288266
016288267
016288268
016288269
016288270
016288271
016288272
016288273
016288274
016288275
016288276
016288277
016288278
016288279
016288280
016288281
016288282
016288283
016288284
016288285
016288286
016288287
016288288
016288289
016288290
016288291
016288292
016288293
016288294
016288295
016288296
016288297
016288298
016288299
016288300
016288301
016288302
016288303
016288304
016288305
016288306
016288307
016288308
016288310
016288311
016288312
016288313
016288314
016288315
016288316
016288317
016288319
016288320
016288321
016288322
016288323
016288324
016288325
016288326
016288327
016288329
016288330
016288331
016288332
016288333
016288334
016288335
016288336
016288337
016288338
016288339
016288343
016288344
016288345
016288346
016288347
016288348
016288349
016288350
016288351
016288352
016288353
016288354
016288355
016288356
016288357
016288358
016288359
016288360
016288361
016288362
016288363
016288364
016288365
016288366
016288367
016288368
016288369
016288370
016288371
016288373
016288374
016288375
016288376
016288377
016288378
016288379
016288380
016288381
016288382
016288383
016288384
016288385
016288386
016288387
016288388
016288390
016288391
016288392
016288393
016288394
016288395
016288396
016288397
016288398
016288399
016288400
016288401
016288402
016288403
016288404
016288405
016288406
016288407
016288408
016288409
016288410
016288411
016288412
016288413
016288414
016288415
016288416
016288417
016288418
016288419
016288420
016288421
016288422
016288423
016288424
016288425
016288426
016288427
016288428
016288429
016288430
016288431
016288432
016288433
016288434
016288435
016288436
016288437
016288438
016288439
016288440
016288442
016288443
016288445
016288446
016288447
016288448
016288449
016288450
016288451
016288452
016288453
016288454
016288455
016288456
016288457
016288458
016288459
016288460
016288461
016288462
016288463
016288465
016288466
016288467
016288468
016288469
016288470
016288471
016288472
016288473
016288474
016288475
016288477
016288478
016288479
016288480
016288481
016288483
016288484
016288485
016288486
016288487
016288488
016288489
016288490
016288491
016288492
016288493
016288494
016288495
016288496
016288497
016288498
016288499
016288500
016288501
016288502
016288503
016288504
016288505
016288506
016288507
016288508
016288509
016288510
016288511
016288512
016288513
016288515
016288516
016288517
016288518
016288519
016288520
016288521
016288522
016288523
016288524
016288525
016288526
016288527
016288528
016288529
016288530
016288531
016288532
016288533
016288534
016288535
016288536
016288537
016288538
016288539
016288540
016288541
016288542
016288543
016288544
016288545
016288546
016288547
016288548
016288549
016288550
016288551
016288552
016288553
016288554
016288555
016288556
016288557
016288558
016288559
016288560
016288561
016288562
016288563
016288564
016288565
016288566
016288567
016288568
016288569
016288570
016288571
016288572
016288573
016288574
016288575
016288576
016288577
016288578
016288579
016288580
016288581
016288582
016288583
016288584
016288585
016288586
016288587
016288588
016288589
016288590
016288591
016288592
016288593
016288594
016288595
016288596
016288597
016288598
016288599
016288600
016288601
016288602
016288603
016288604
016288605
016288606
016288607
016288608
016288609
016288610
016288611
016288612
016288613
016288614
016288615
016288616
016288618
016288619
016288620
016288621
016288622
016288623
016288625
016288626
016288627
016288628
016288629
016288630
016288631
016288632
016288633
016288634
016288635
016288636
016288637
016288638
016288639
016288640
016288641
016288642
016288643
016288644
016288645
016288646
016288647
016288648
016288649
016288650
016288651
016288652
016288653
016288654
016288655
016288656
016288657
016288661
016288662
016288663
016288664
016288665
016288666
016288667
016288668
016288669
016288670
016288671
016288672
016288673
016288674
016288677
016288678
016288679
016288680
016288681
016288682
016288683
016288684
016288685
016288686
016288687
016288688
016288689
016288690
016288691
016288692
016288693
016288694
016288695
016288696
016288697
016288698
016288699
016288700
016288701
016288702
016288703
016288704
016288705
016288706
016288707
016288708
016288709
016288710
016288711
016288712
016288713
016288714
016288715
016288716
016288717
016288718
016288719
016288720
016288721
016288722
016288723
016288724
016288725
016288726
016288727
016288728
016288729
016288730
016288731
016288732
016288733
016288734
016288735
016288736
016288737
016288738
016288739
016288740
016288741
016288742
016288743
016288744
016288745
016288746
016288747
016288748
016288750
016288752
016288753
016288754
016288755
016288756
016288757
016288758
016288760
016288761
016288762
016288763
016288764
016288765
016288766
016288767
016288768
016288769
016288770
016288771
016288772
016288773
016288774
016288775
016288776
016288777
016288778
016288779
016288780
016288781
016288782
016288783
016288785
016288786
016288787
016288788
016288789
016288790
016288791
016288792
016288793
016288794
016288795
016288796
016288797
016288798
016288799
016288800
016288801
016288802
016288803
016288804
016288805
016288806
016288807
016288808
016288809
016288810
016288881
016288882
016288883
016288884
016288886
016288887
016288888
016288889
016288890
016288891
016288892
016288893
016288894
016288895
016288896
016288897
016288898
016288899
016288900
016288901
016288902
016288903
016288904
016288905
016288906
016288907
016288908
016288909
016288910
016288911
016288912
016288913
016288914
016288915
016288916
016288917
016288918
016288919
016288920
016288921
016288922
016288923
016288924
016288925
016288926
016288927
016288928
016288929
016288930
016288931
016288932
016288933
016288934
016288935
016288936
016288937
016288938
016288939
016288940
016288941
016288942
016288943
016288944
016288945
016288946
016288947
016288948
016288949
016288950
016288951
016288952
016288953
016288954
016288955
016288956
016288957
016288958
016288959
016288960
016288961
016288962
016288963
016288964
016288965
016288966
016288967
016288968
016288969
016288970
016288971
016288972
016288973
016288974
016288975
016288976
016288977
016288978
016288979
016288980
016288981
016288982
016288983
016288984
016288985
016288986
016288987
016288988
016288989
016288990
016288991
016288992
016288993
016288994
016288995
016288996
016288997
016288998
016288999
016289000
016289001
016289002
016289003
016289004
016289005
016289006
016289007
016289008
016289009
016289010
016289011
016289012
016289013
016289015
016289016
016289017
016289018
016289019
016289020
016289021
016289022
016289023
016289024
016289025
016289026
016289027
016289028
016289029
016289030
016289031
016289032
016289033
016289034
016289035
016289036
016289037
016289038
016289039
016289040
016289041
016289042
016289043
016289044
016289045
016289046
016289047
016289050
016289051
016289053
016289054
016289055
016289056
016289057
016289060
016289061
016289062
015742541
015742542
015742567
015742596
014608566
014616528
014616547
014616548
014616552
014616565
014616653
014616714
014616726
014616761
014616780
014616783
014616812
014616816
014616822
014616828
014616861
014616868
014616877
014616894
014616922
014616923
014616961
014616992
014617024
014617056
014617076
014617097
014617105
014617154
014617205
014617213
014628794
014628813
014628837
014628881
014628893
014628972
014635430
014774185
014803804
014803909
014804958
014805107
014805185
014805254
014806115
014806390
014806498
014806811
014807049
014807253
014807464
014809120
014809674
014810583
014810897
014812810
014813275
014813615
014814245
014814319
014815344
014815772
014816679
014817664
014818049
014818073
014818355
014818425
014818778
014824354
014825911
014826148
014826259
014826343
014826557
014826731
014827396
014828008
014828040
014828044
014828214
014828244
014828247
014828370
014828662
014828713
014829072
014829369
014829516
014831262
014831489
014831599
014831797
014831945
014831979
014831980
014832073
014832125
014832597
014832841
014860902
014862213
014867867
014939320
014939321
014939322
014939338
014939340
014939342
014939347
014939348
014939349
014939360
014939370
014939372
014939378
014939379
014939382
014939383
014939384
014939389
014939395
014939400
014939417
014939419
014939443
014939444
014939445
014939446
014939447
014939448
014939450
014939452
014939455
014939456
014939460
014939462
014939484
014939485
014939496
014939502
014939512
014939517
014939520
014939531
014939535
014939552
014939554
014939559
014939563
014939566
014939569
014939572
014939574
014939575
014939576
014939587
014939597
014939610
014939612
014939617
014939620
014939622
014939626
014939633
014939634
014939635
014939638
014939640
014939641
014939642
014939644
014939667
014939670
014939671
014939672
014939678
014939686
014939691
014939708
014939709
014939712
014939714
014939717
014939718
014939721
014939729
014939751
014939759
014939765
014939768
014939781
014939788
014939793
014939795
014939796
014939803
014939812
014939814
014939822
014939830
014939844
014939845
014939848
014939855
014939856
014939857
014939859
014939861
014939863
014939867
014939870
014939879
014939893
014939895
014939897
014939898
014939899
014939900
014939915
014939916
014939927
014939940
014939944
014939947
014939960
014939971
014939978
014939986
014939988
014939989
014939994
014940006
014940007
014940009
014940010
014940013
014940025
014940034
014940035
014940039
014940042
014940047
014940050
014940054
014940068
014940076
014939992
