018413083
016217910
016217911
016217912
016217913
016217914
016217915
016217918
016217919
016217920
016217921
016217922
016217923
016217924
016217925
016217926
016217927
016217928
016217929
016217930
016217931
016217932
016217933
016217934
016217935
016217936
016217937
016217939
016217940
016217941
016217942
016217944
016217945
016217947
016217948
016217949
016217950
016217951
016217952
016217953
016217954
016217955
016217956
016217957
016217958
016217959
016217960
016217961
016217962
016217963
016217964
016217965
016217966
016217967
016217968
016217969
016217970
016217974
016217975
016217976
016217977
016217981
016217982
016217983
016217984
016217985
016217986
016217987
016217988
016217989
016217990
016217991
016217992
016217993
016217994
016217995
016217997
016217998
016217999
016218002
016218003
016218006
016218007
016218008
016218010
015876610
015876820
015876821
015876822
015876952
015876963
015876964
015876965
015876966
015876967
015876968
015876969
015876970
015876971
016480385
016480386
016480387
016480388
016480389
016480390
016480391
016480392
016480394
016480395
016480396
016480397
016480398
016480399
016480401
016480402
016480403
016480404
016480406
016480407
016480408
016480409
016480410
016480412
016480413
016480414
016480416
016480417
016480418
016480419
016480420
016480421
016480423
016480424
016480425
016480426
016480427
016480428
016480429
016480430
016480431
016480432
016480433
016480434
016480435
016480438
016480439
016480440
016480441
016480442
016480444
016480445
016480446
016480448
016480449
016480450
016480451
016480452
016480453
016480454
016480455
016480456
016480457
016480458
016480459
016480460
016480461
016480463
016480464
016480465
016480466
016480467
016480468
016480469
016480472
016480473
016480474
016480475
016480476
016480477
016480478
016480480
016480481
016480482
016480483
016480484
016480486
016480487
016480488
016480490
016480492
016480493
016480494
016480495
016480496
016480497
016480499
016480501
016480502
016480503
016480505
016480506
016480507
016480509
016480514
016480515
016480516
016480517
016480519
016480520
016480521
016480522
016480523
016480524
016480525
016480526
016480527
016480528
016480529
016480530
016480531
016480532
016480533
016480534
016480536
016480537
016480538
016480542
016480544
016834899
016834900
016834901
016834902
016834903
016834904
016834906
016834907
016834908
016834909
016834910
016834911
016834912
016834913
016834914
016834915
016834916
016834917
016834918
016834919
016834920
016834921
016834922
016834923
016834924
016834925
016834926
016834929
016834930
016834934
016834935
016834936
016834937
016834938
016834939
016834940
016834941
016834942
016834943
016834944
016834945
016834947
016834948
016834949
016834950
016834951
016834952
016834955
016834956
016834961
016834962
016834963
016834964
016834965
016834966
016834967
015876762
015876763
015876764
015876765
015876766
015876767
015876768
015876790
016834905
016834946
015876332
015876334
015876336
015876338
015876340
015876342
015876344
015876346
015876350
015876352
015876354
015876356
015876358
015876362
015876364
015876366
015876368
015876370
015876372
015876374
015876375
015876376
015876378
015876379
015876381
015876382
015876383
015876384
015876386
015876387
015876389
015876390
015876391
015876392
015876393
015876394
015876395
015876397
015876398
015876399
015876402
015876593
015876594
015876595
015876596
015876597
015876598
015876599
015876600
015876601
015876602
015876605
015876606
015876607
015876608
015876609
015876613
015876614
015876616
015876617
015876618
015876619
015876620
015876621
015876622
015876623
015876624
015876625
015876626
015876627
015876628
015876629
015876631
015876632
015876633
015876634
015876636
015876637
015876638
015876639
015876640
015876641
015876642
015876643
015876644
015876645
015876646
015876647
015876648
015876649
015876650
015876651
015876652
015876653
015876654
015876655
015876656
015876659
015876661
015876662
015876665
015876666
015876668
015876669
015876670
015876671
015876674
015876675
015876677
015876678
015876680
015876681
015876682
015876683
015876684
015876685
015876686
015876687
015876688
015876690
015876697
015876698
015876699
015876700
015876702
015876703
015876705
015876707
015876708
015876710
015876711
015876712
015876713
015876714
015876715
015876716
015876717
015876719
015876720
015876724
015876726
015876727
015876728
015876729
015876730
015876731
015876732
015876733
015876734
015876735
015876736
015876737
015876738
015876739
015876740
015876741
015876742
015876743
015876744
015876745
015876746
015876747
015876748
015876749
015876750
015876751
015876752
015876753
015876754
015876755
015876756
015876757
015876760
015876761
015876769
015876771
015876772
015876773
015876774
015876775
015876777
015876778
015876779
015876780
015876781
015876782
015876783
015876784
015876785
015876787
015876788
015876791
015876793
015876794
015876797
015876801
015876802
015876803
015876804
015876805
015876806
015876807
015876808
015876810
015876815
015876816
015876817
015876818
015876819
015876823
015876825
015876826
015876827
015876828
015876829
015876830
015876831
015876832
015876833
015876835
015876836
015876837
015876838
015876839
015876840
015876841
015876843
015876844
015876845
015876846
015876847
015876848
015876850
015876851
015876852
015876855
015876857
015876858
015876859
015876860
015876862
015876864
015876865
015876866
015876869
015876870
015876872
015876873
015876874
015876875
015876878
015876879
015876880
015876881
015876882
015876883
015876884
015876885
015876886
015876887
015876889
015876890
015876891
015876892
015876893
015876896
015876897
015876898
015876899
015876900
015876901
015876902
015876903
015876906
015876907
015876908
015876909
015876910
015876911
015876912
015876913
015876915
015876916
015876917
015876918
015876919
015876920
015876922
015876923
015876924
015876925
015876927
015876928
015876929
015876930
015876931
015876932
015876933
015876934
015876935
015876936
015876937
015876938
015876939
015876940
015876941
015876942
015876944
015876945
015876946
015876947
015876948
015876949
015876950
015876951
015876953
015876954
015876955
015876956
015876957
015876958
015876959
015876960
015876961
015876962
015876972
015876973
015876975
015876976
015876977
015876978
015876979
015876980
015876982
015876983
015876984
015876985
015876986
015876987
015876990
015876991
015876992
015876993
015876994
015876995
015876996
015876997
015876998
015876999
015877000
015877001
015877002
015877003
015877004
015877005
015877006
015877007
015877009
015877010
016070072
