017685402
016519027
016519030
016519072
016519073
016519074
016519075
016549547
016550900
016552973
016552975
016553071
016553131
016553132
016563739
016563740
016586309
016586688
016606782
016659060
018836595
017685265
017685287
017685288
017685289
017685290
017685291
017685292
017685293
017685294
017685295
017685296
017685297
017685299
017685303
017685371
017685372
017685398
017685399
017685408
017718449
016506016
016519019
016519020
016519023
016519024
016519025
016519026
016519028
016519029
016519035
016519036
016519037
016519038
016519039
016519040
016519041
016519042
016519043
016519044
016519045
016519046
016519047
016519048
016519049
016519050
016519051
016519052
016519053
016519054
016519055
016519056
016519057
016519058
016519059
016519060
016519061
016519062
016519063
016519064
016519065
016519066
016519067
016519068
016519069
016519070
016549544
016550862
016550863
016550864
016550865
016550866
016550867
016550868
016550870
016550871
016550872
016550873
016550874
016550875
016550876
016550877
016550878
016550879
016550880
016550881
016550882
016550883
016550884
016550885
016550886
016550887
016550888
016550889
016550890
016550891
016550892
016550893
016550894
016550895
016550896
016550897
016550898
016550901
016552937
016552938
016552939
016552940
016552941
016552942
016552943
016552944
016552945
016552946
016552947
016552948
016552949
016552950
016552956
016552957
016552958
016552959
016552960
016552961
016552962
016552963
016552964
016552965
016552966
016552967
016552968
016552969
016552971
016552972
016552974
016552976
016552980
016552981
016552982
016552983
016552984
016552985
016552986
016552987
016552988
016552989
016552990
016552991
016552992
016552993
016552994
016552995
016552996
016552997
016552998
016552999
016553000
016553001
016553017
016553018
016553019
016553020
016553021
016553022
016553023
016553024
016553025
016553026
016553027
016553028
016553029
016553030
016553031
016553032
016553033
016553034
016553036
016553037
016553038
016553039
016553040
016553041
016553042
016553043
016553044
016553045
016553046
016553048
016553049
016553050
016553051
016553052
016553053
016553054
016553055
016553056
016553057
016553058
016553059
016553060
016553061
016553062
016553063
016553064
016553065
016553066
016553067
016553068
016553069
016553070
016553073
016553074
016553075
016553076
016553077
016553078
016553079
016553087
016553088
016553089
016553090
016553091
016553092
016553093
016553094
016553095
016553096
016553097
016553098
016553099
016553100
016553101
016553102
016553103
016553104
016553105
016553107
016553108
016553109
016553110
016553111
016553112
016553113
016553114
016553115
016553116
016553117
016553118
016553119
016553120
016553121
016553122
016553123
016553124
016553125
016553126
016553127
016553128
016553129
016553130
016553133
016553134
016553135
016553136
016553137
016553138
016553139
016553140
016553141
016553142
016553143
016553144
016553145
016553146
016553147
016553148
016553149
016553150
016553186
016553187
016553188
016553189
016553190
016553191
016553192
016553193
016553206
016553207
016553208
016553230
016553270
016553271
016553451
016553452
016553453
016553454
016553455
016553456
016553466
016563711
016563712
016563713
016563714
016563715
016563716
016563717
016563718
016563719
016563720
016563721
016563722
016563723
016563724
016563725
016563726
016563743
016563744
016563745
016563746
016563747
016563748
016563749
016563750
016563751
016563753
016563754
016565605
016565606
016565607
016565608
016565609
016565610
016565614
016565615
016565616
016565617
016565618
016565619
016565620
016565622
016565623
016565624
016565625
016565626
016565627
016565628
016565629
016565630
016565631
016565632
016565641
016565644
016565645
016565646
016565647
016565648
016565649
016565650
016565651
016565652
016565656
016565657
016565658
016565659
016565660
016565661
016565662
016565663
016565664
016565665
016565666
016565667
016565668
016565669
016565670
016565671
016565672
016565673
016565674
016565675
016566569
016586291
016586292
016586293
016586294
016586295
016586296
016586297
016586298
016586299
016586300
016586301
016586302
016586303
016586304
016586305
016586306
016586307
016586468
016586583
016586650
016586651
016586652
016586653
016586654
016586655
016586656
016586657
016586659
016586660
016586675
016586676
016586684
016606522
016606523
016606524
016606525
016606526
016606527
016606529
016606530
016606531
016606532
016606533
016606535
016606536
016606537
016606538
016606539
016606540
016606541
016606542
016606543
016606544
016606545
016606546
016606547
016606548
016606550
016606552
016606553
016606554
016606555
016606556
016606557
016606559
016606561
016606562
016606564
016606565
016606566
016606567
016606568
016606569
016606572
016606573
016606580
016606581
016606582
016606591
016606593
016606594
016606595
016606596
016606597
016606598
016606599
016606600
016606601
016606602
016606603
016606604
016606605
016606606
016606607
016606608
016606609
016606610
016606611
016606612
016606613
016606615
016606616
016606617
016606618
016606620
016606621
016606622
016606623
016606625
016606628
016606634
016606635
016606636
016606637
016606638
016606639
016606640
016606641
016606642
016606643
016606644
016606645
016606646
016606647
016606744
016606745
016606772
016606773
016606774
016606775
016606776
016606777
016606778
016606779
016606780
016606781
016606784
016606785
016606786
016606787
016606788
016606790
016606791
016606792
016606793
016606794
016652027
016652030
016652036
016659059
016659061
016659062
016659063
016659064
016659065
017685298
017685300
017685301
017685302
017685304
017685305
017685306
017685307
017685373
016553035
016553047
016553468
016565633
016565634
016565635
016565636
016565637
016565638
016565639
016565640
016565653
016565654
016586310
016586311
016586312
016586313
016586314
016586315
016586316
016586427
016586484
016586485
016586486
016586494
016586495
016586496
016586497
016586498
016586499
016586500
016586501
016586502
016586503
016586504
016586505
016586506
016586507
016586508
016586509
016586510
016586511
016586580
016586581
016586582
016586634
016586635
016586636
016586637
016586638
016586639
016586640
016586641
016586642
016586643
016586644
016586645
016586658
016586661
016586662
016586663
016586664
016586665
016586666
016586667
016586668
016586669
016586670
016586671
016586672
016586673
016586674
016586677
016586678
016586679
016586680
016586681
016586682
016586683
016586685
016586686
016586687
016606528
016606549
016606551
016606558
016606624
016606626
016606627
016606629
016606630
016606631
016606632
016606633
016606789
016607089
016607090
016652031
016652033
016553229
016553216
016553232
016553235
016553255
017685411
016553212
016553213
016553214
016553215
016553217
016553218
016553219
016553220
016553222
016553223
016553224
016553225
016553233
016553234
016553236
016553237
016553238
016553239
016553240
016553241
016553242
016553243
016553244
016553245
016553246
016553247
016553248
016553249
016553250
016553252
016553253
016553254
016553256
016553257
016553258
016553259
016553260
016553261
016553262
016553263
016553264
016553265
016553266
016553267
016553268
016553269
016553272
016553273
016553274
016553275
016553276
016553277
016553278
016553279
016553280
016553281
016553282
016553283
016553284
016553285
016553286
016553287
016553288
016553289
016553080
016553081
016553082
016553083
016553084
016553155
016553157
016553158
016553160
016553161
016553167
016553170
016553174
016553183
016553185
016553196
016553202
016553203
016553204
016553211
016553227
016553457
016553458
016553460
016553462
016553464
016553465
016553493
016553495
016553498
016553499
016553501
016553503
016553506
016553509
016553511
016553512
016553514
016553515
016553518
016553519
016553520
016553521
016553525
016553527
016553528
016563729
016563733
016563737
016563738
016586290
016586469
016586471
016586473
016586475
016586478
016606534
016606587
016659066
016896430
016896431
016896432
016896433
016896434
016896435
016896436
016896437
016896438
016896439
016896440
016896441
016896442
016896443
016896444
016896445
016896446
016896447
016896448
016896449
016896450
016896451
016896452
016896453
016896454
016896455
016896456
016896457
016896458
016896459
016896460
016896461
016896462
016896463
016896464
016896465
016896466
016896467
016896468
016896469
016896470
016896471
016896472
016896473
016896474
016896475
016896476
016896477
016896478
016896479
016896480
016896481
016896482
016896483
016896484
016896485
016896486
016896487
016896488
016896489
016896490
016896491
016896492
016896493
016896494
016896495
016896496
016896497
016896498
016896499
016896500
016896501
016896502
016896503
016896504
016896505
016896506
016896507
016896508
016896509
016896510
016896511
016896512
016896513
016896514
016896515
016896516
016896517
016896518
016896519
016896520
016896521
016896522
016896523
016896524
016896525
016896526
016896527
016896528
016519031
016519071
016519076
016549545
016549546
016553085
016553086
016553106
016565655
