016217979
016480415
016480443
016480508
016480510
016480511
016480512
016480513
016480543
016834953
016834954
016834957
016834959
016834960
015876604
015876611
015876612
015876615
015876630
015876672
015876673
015876701
015876795
015876796
015876809
015876811
015876842
015876861
015876867
015876877
015876888
015876895
016217943
016217971
016217978
015518763
016217938
015876657
016480437
016480489
016480504
016480535
016480400
016480393
016480405
016480411
016480436
016480447
016480462
016480470
016480471
016480479
016480485
016480491
016480498
016480539
016834931
016834927
016834928
016834932
016834933
016684388
016300703
